1.29989
1.15652
1.27818
1.19699
1.28243
1.19433
1.10991
1.19253
1.20079
1.15892
1.33912
1.10149
1.19511
1.05567
1.09393
1.06117
1.27674
1.1264
1.25797
1.16179
1.40609
1.07652
1.31653
1.15458
1.18652
1.15004
1.18176
1.38443
1.17572
1.39969
1.20048
1.15778
1.35405
1.20947
1.35247
1.32168
1.18637
1.18008
1.17062
1.18816
1.08397
1.20124
1.20221
1.19287
1.06784
1.37443
1.16676
1.17527
1.08198
1.08096
0.999024
1.33384
1.24882
1.22964
1.22439
1.09077
1.14009
1.12121
0.941986
1.07835
1.07567
1.17621
1.38004
1.15311
0.976342
1.17014
1.3781
1.1114
1.22564
1.16315
1.12845
1.16132
1.1699
1.18727
1.28531
1.24552
1.19689
1.3199
1.23593
1.14414
1.29325
1.33905
1.29787
1.11054
1.22779
1.12474
1.13832
1.07015
1.29865
1.23031
1.05148
1.33442
1.22204
1.18216
1.16681
1.23682
1.15505
1.35073
1.19584
1.2082
1.31133
1.29207
1.05947
1.23071
1.16889
1.1388
1.38508
1.2034
1.19072
1.15264
1.28383
1.03279
1.00046
1.2458
1.00695
1.09764
1.13736
1.1884
1.1404
1.28585
0.978549
1.1814
1.12641
1.16891
1.28096
1.04381
1.32609
1.16391
1.31178
1.23723
1.19806
1.10917
1.05753
1.34102
1.09604
1.17692
1.0252
1.07642
1.21959
1.15651
1.31283
1.16815
1.15095
0.950567
1.17336
1.42394
1.16835
1.18456
1.29159
1.17469
1.11701
1.16809
1.28155
1.13395
1.20513
1.26429
1.15906
1.16402
1.12568
1.28059
1.16701
1.28009
1.22386
1.28215
1.2939
1.33102
0.973795
1.12932
1.17256
1.38515
1.335
1.15051
1.05581
1.00413
1.40218
1.26016
1.19198
1.01646
1.20117
1.0618
1.12523
1.16356
0.979687
1.33643
1.13983
0.956616
1.15338
1.23059
1.17636
1.13065
1.1635
1.11582
1.03613
1.30176
1.12381
1.1503
1.13257
1.42247
1.25205
1.20556
1.13431
1.0458
1.02271
1.17538
1.24734
1.29999
1.1966
0.959922
1.25971
1.30466
1.19217
1.09264
1.20751
1.23278
1.08363
1.1305
1.20632
1.22218
1.07553
1.21504
1.23072
1.14774
1.29873
1.32159
1.23671
1.09333
1.17867
1.2018
1.03991
1.16475
1.22295
1.22036
1.3925
1.20943
1.23985
1.33495
1.27752
1.11603
1.18036
1.22967
1.08459
1.27707
1.18493
1.28416
1.07359
1.41266
1.30908
1.21915
1.28699
1.29989
1.27816
1.09866
1.36519
1.41607
1.25462
1.31862
1.1157
1.20058
1.22377
1.10699
1.30212
1.09999
1.25834
1.19653
1.32466
1.31343
0.991429
1.15365
1.09044
1.24278
1.16403
1.13688
1.25905
1.16167
1.23979
1.2217
1.33177
1.32742
1.25473
1.20001
1.33023
1.23887
1.20716
1.16978
1.19232
1.27373
1.16153
1.32244
1.1242
1.05588
1.20385
1.22182
1.22875
1.12287
1.2183
1.28443
1.30069
1.19501
1.02084
1.20652
1.23114
1.26598
1.22793
1.04657
1.16131
1.20365
1.16195
0.957095
1.4336
1.26571
1.07576
1.28602
1.17496
1.37396
1.05236
1.24207
1.08793
1.42813
1.29715
1.34703
1.26037
1.33657
1.04676
1.34954
1.12965
0.961468
1.23964
1.23073
1.16448
1.27941
1.37665
1.27212
1.30303
1.05922
1.22919
1.10031
0.97927
1.1685
1.24247
1.03352
1.30956
1.05653
1.20999
1.3214
1.47077
1.26307
1.16557
1.0715
1.38389
1.16168
1.24686
1.34227
1.3027
1.25159
1.17086
1.1164
1.17217
1.1528
1.08423
1.24339
1.19435
1.20397
1.2336
1.2533
1.20631
1.43707
1.03687
1.16625
1.05343
1.29488
1.19893
1.19611
1.2553
1.08388
1.0546
1.41022
1.09523
1.20625
1.3245
0.936761
1.33148
1.22817
1.27382
1.22794
0.905694
1.20774
1.09861
1.23511
1.26666
1.13802
1.19052
1.30194
1.29291
1.15832
1.03477
1.20065
1.2018
1.19209
1.12143
1.183
1.29217
1.20358
1.23562
1.28683
1.19566
1.02412
1.21016
1.21002
1.24647
1.13142
1.12326
1.19628
1.19527
1.1121
1.24998
1.03175
1.11113
1.34224
1.24699
1.19193
1.37102
1.22742
1.12294
1.18131
1.15299
1.30566
1.28601
1.06494
1.30307
1.12163
1.23572
1.19199
1.13795
1.16856
1.13735
1.23313
1.09395
1.07494
1.32517
1.32115
1.32362
1.15451
1.20576
1.08114
1.27295
1.16994
1.32414
1.15213
1.1729
1.17485
1.20775
1.38261
1.44044
1.25111
1.32915
1.41017
1.1277
1.30622
1.28319
1.20553
1.07912
0.820346
1.10519
1.17529
1.2108
1.16202
1.28975
1.2161
1.23843
1.39793
1.16604
1.21571
1.15851
1.01732
1.22728
1.07086
1.16681
1.16689
1.16432
1.36768
1.14848
1.28435
1.29699
1.384
1.32575
1.31059
1.17946
1.09103
1.1961
1.16708
1.1797
1.28086
1.05353
1.27345
1.23674
1.16063
1.24541
1.15633
1.03895
1.40214
1.15621
1.18098
1.14293
1.19056
1.2679
1.18076
1.25577
1.16273
1.04962
0.934731
1.14635
1.12574
1.14674
1.18859
1.15177
1.37714
1.26174
1.1901
1.24802
1.20474
1.21588
1.14155
1.1152
1.23859
0.985844
1.29958
1.12335
1.32674
1.14408
1.32203
1.22002
1.4261
1.12089
1.283
1.262
1.17639
1.45838
1.33528
1.19899
1.1773
1.33604
1.19734
1.09033
1.10517
1.14161
1.26017
1.31924
1.13827
1.02299
1.23942
1.14337
1.24043
1.27454
1.17967
1.37159
1.03843
1.21017
1.05572
0.982365
1.25186
1.24728
1.31954
1.11316
1.3037
1.13105
1.11979
1.20748
1.09183
1.04355
1.22012
0.969648
1.0157
1.0727
1.36891
1.07293
1.28704
1.22217
1.3076
1.38574
1.39063
1.16674
1.2413
1.10284
1.1411
1.29238
1.21631
1.19134
1.12269
1.23729
1.06405
1.06743
1.21843
1.35493
1.15051
1.21602
1.24392
1.2722
1.22619
1.37273
1.19384
1.23376
1.18525
1.1243
1.10487
1.22116
1.29458
1.22128
1.20063
1.21361
1.32952
1.11422
1.01722
1.21099
1.17149
1.28495
1.10016
1.19647
1.30074
1.13518
1.21115
1.28783
1.49766
1.14262
1.02704
1.16802
1.18502
1.09579
1.21735
1.18991
1.24364
1.11049
1.05167
1.32556
1.08568
1.19856
1.19326
1.17386
1.29292
1.33916
1.09903
1.19509
1.08138
1.27294
1.19539
1.38531
1.18441
1.30738
1.19635
1.19239
1.53948
1.35255
1.18714
1.10684
1.19639
1.24267
1.06427
1.37248
1.15753
1.28327
0.990079
1.22515
1.18274
1.4133
1.21961
1.38056
1.1925
1.14576
1.15821
1.32055
1.26701
1.25433
1.41376
1.3047
1.0775
1.23908
1.28528
1.26584
1.30538
1.15611
1.26632
1.31908
1.28194
1.43121
1.24891
1.33202
1.18661
1.2085
1.15592
1.28919
1.18409
1.2744
1.18482
1.24629
1.29064
1.04268
1.25297
1.34168
1.16651
1.36043
1.07249
1.3128
1.43136
1.43912
1.27752
1.30188
1.32056
1.1539
1.33703
1.3593
1.2391
1.21245
1.22904
1.12144
1.23876
1.23702
1.1552
1.45651
1.33711
1.10916
1.2889
1.16335
1.28646
1.18832
1.04593
1.1643
1.16506
1.30204
1.4038
1.1691
1.19832
1.19264
1.3402
1.21835
1.09919
1.23874
1.11833
1.35229
0.988278
1.00203
1.22105
1.21992
1.42979
1.18473
1.26015
1.14678
1.11928
1.26075
1.20726
1.20873
1.17034
1.00551
1.23315
1.19577
1.10768
1.18839
1.13258
1.33034
1.3159
1.19271
1.11629
1.1886
1.20926
1.29902
1.15438
1.35
1.27882
1.26869
1.18932
0.969486
1.32181
1.23889
1.04841
1.25531
1.20692
1.07753
1.12452
1.20371
1.31391
1.1378
1.05747
1.12817
1.10782
1.12233
1.08475
1.32437
1.27016
1.16168
1.10818
1.34186
1.25594
1.28482
1.17253
1.16247
1.13698
1.17002
1.25183
1.20344
1.29033
1.1274
1.25264
1.16466
1.21642
1.20777
1.09551
1.22714
1.12841
1.03375
1.32538
1.1202
1.01295
1.16086
1.32055
1.12002
1.03097
1.34416
1.2035
1.05074
1.30943
1.15573
1.1802
1.1134
1.26757
1.18316
1.35056
1.12513
1.33858
1.13756
1.18749
1.10512
1.28932
1.22709
1.30618
1.26443
1.38234
1.29925
1.3672
1.11241
1.25959
1.08325
1.22571
1.21921
1.19682
1.10139
1.21418
1.31333
1.37591
1.48534
1.22645
1.05216
1.20396
1.10758
1.12169
1.42259
1.27476
1.19464
1.23618
1.23636
1.0666
1.23745
1.2929
1.08445
1.20506
1.24693
1.16888
1.05842
1.3813
1.28929
1.1754
1.20272
1.18354
1.13079
1.10111
1.3771
1.24371
1.18249
1.08718
1.45122
1.29315
0.99798
1.17883
1.24115
1.28823
1.31055
1.49686
1.11517
1.3412
1.14857
1.21587
0.977956
1.14361
1.158
1.18824
1.1199
0.970455
1.08876
1.25597
1.32857
1.15395
1.25658
1.28923
1.20775
1.26873
1.1718
1.00535
1.3362
1.03736
1.19776
1.18258
1.25717
1.26569
1.16942
1.17523
1.14175
1.23916
1.38364
1.11965
1.14656
1.36441
1.11638
1.1664
1.12679
1.14398
1.07195
1.34181
1.12825
1.25275
1.13393
1.27794
1.26615
1.36673
1.09698
1.28073
1.23836
1.05818
1.29352
1.21125
1.32037
1.26401
1.19143
1.14302
1.17999
1.11247
1.22592
1.05357
1.30097
1.09363
1.08725
1.11282
1.08242
1.27626
1.15962
1.1579
1.11427
1.13745
1.13694
1.10173
1.16445
1.22726
1.33883
1.23387
1.25942
1.12846
1.22005
1.283
1.20729
1.38859
1.27293
1.13487
1.23372
1.24424
1.36477
1.23809
1.06226
1.19627
1.30942
1.14031
1.18479
1.14147
1.01235
1.32809
1.15297
1.0183
1.35291
1.02041
0.940432
1.07021
1.21799
1.31683
1.11108
1.20979
1.34754
1.04242
1.26575
1.32834
1.20663
1.14826
1.1171
1.31474
1.11052
1.28292
