#Frequency	Mic 1	Mic 2
10.000	0.654	0.192
11.000	0.127	0.032
12.000	0.120	0.030
13.000	0.146	0.031
14.000	0.155	0.033
15.000	0.175	0.036
16.000	0.159	0.033
17.000	0.163	0.030
18.000	0.160	0.029
19.000	0.175	0.035
20.000	0.190	0.035
21.000	0.224	0.033
22.000	0.244	0.035
23.000	0.253	0.034
24.000	0.280	0.043
25.000	0.327	0.044
26.000	0.353	0.045
27.000	0.403	0.045
28.000	0.443	0.053
29.000	0.498	0.047
30.000	0.581	0.057
31.000	0.646	0.058
32.000	0.761	0.069
33.000	0.846	0.070
34.000	0.983	0.086
35.000	1.132	0.083
36.000	1.289	0.097
37.000	1.520	0.113
38.000	1.706	0.132
39.000	1.891	0.141
40.000	2.122	0.160
41.000	2.205	0.173
42.000	2.253	0.182
43.000	2.224	0.179
44.000	2.128	0.178
45.000	1.943	0.178
46.000	1.802	0.163
47.000	1.670	0.156
48.000	1.485	0.154
49.000	1.393	0.138
50.000	1.274	0.133
51.000	1.194	0.130
52.000	1.123	0.127
53.000	1.054	0.124
54.000	0.983	0.117
55.000	0.928	0.118
56.000	0.894	0.117
57.000	0.841	0.117
58.000	0.810	0.116
59.000	0.774	0.114
60.000	0.760	0.116
61.000	0.720	0.117
62.000	0.680	0.119
63.000	0.652	0.113
64.000	0.630	0.116
65.000	0.601	0.112
66.000	0.571	0.115
67.000	0.544	0.115
68.000	0.532	0.121
69.000	0.508	0.125
70.000	0.471	0.122
71.000	0.425	0.122
72.000	0.374	0.121
73.000	0.337	0.115
74.000	0.301	0.115
75.000	0.283	0.112
76.000	0.246	0.118
77.000	0.221	0.110
78.000	0.199	0.115
79.000	0.180	0.108
80.000	0.163	0.111
81.000	0.156	0.117
82.000	0.131	0.111
83.000	0.113	0.116
84.000	0.119	0.118
85.000	0.130	0.119
86.000	0.141	0.119
87.000	0.161	0.122
88.000	0.181	0.126
89.000	0.212	0.122
90.000	0.241	0.127
91.000	0.273	0.133
92.000	0.298	0.132
93.000	0.323	0.135
94.000	0.362	0.145
95.000	0.386	0.140
96.000	0.415	0.144
97.000	0.454	0.149
98.000	0.471	0.148
99.000	0.514	0.146
100.000	0.576	0.157
101.000	0.630	0.159
102.000	0.696	0.176
103.000	0.749	0.187
104.000	0.814	0.189
105.000	0.886	0.197
106.000	0.930	0.208
107.000	1.006	0.219
108.000	1.103	0.228
109.000	1.168	0.241
110.000	1.269	0.253
111.000	1.378	0.265
112.000	1.461	0.279
113.000	1.629	0.300
114.000	1.753	0.325
115.000	1.890	0.337
116.000	2.094	0.378
117.000	2.249	0.397
118.000	2.506	0.440
119.000	2.730	0.469
120.000	2.961	0.505
121.000	3.268	0.559
122.000	3.497	0.601
123.000	3.698	0.634
124.000	3.873	0.668
125.000	3.912	0.689
126.000	3.890	0.700
127.000	3.821	0.692
128.000	3.625	0.671
129.000	3.412	0.632
130.000	3.153	0.592
131.000	2.921	0.561
132.000	2.686	0.516
133.000	2.465	0.486
134.000	2.252	0.452
135.000	2.064	0.419
136.000	1.926	0.401
137.000	1.768	0.378
138.000	1.663	0.363
139.000	1.561	0.346
140.000	1.454	0.332
141.000	1.367	0.324
142.000	1.302	0.313
143.000	1.215	0.303
144.000	1.153	0.291
145.000	1.088	0.286
146.000	1.029	0.277
147.000	0.980	0.272
148.000	0.915	0.272
149.000	0.866	0.259
150.000	0.825	0.267
151.000	0.787	0.264
152.000	0.749	0.266
153.000	0.706	0.267
154.000	0.645	0.264
155.000	0.601	0.255
156.000	0.550	0.253
157.000	0.492	0.245
158.000	0.451	0.238
159.000	0.409	0.238
160.000	0.375	0.235
161.000	0.343	0.230
162.000	0.311	0.229
163.000	0.286	0.230
164.000	0.259	0.229
165.000	0.232	0.229
166.000	0.221	0.227
167.000	0.204	0.230
168.000	0.187	0.230
169.000	0.187	0.236
170.000	0.200	0.238
171.000	0.218	0.233
172.000	0.232	0.237
173.000	0.263	0.244
174.000	0.284	0.245
175.000	0.320	0.249
176.000	0.345	0.250
177.000	0.378	0.253
178.000	0.425	0.268
179.000	0.462	0.267
180.000	0.502	0.262
181.000	0.512	0.264
182.000	0.542	0.260
183.000	0.573	0.258
184.000	0.639	0.267
185.000	0.674	0.273
186.000	0.729	0.281
187.000	0.796	0.298
188.000	0.850	0.305
189.000	0.933	0.323
190.000	0.987	0.333
191.000	1.064	0.342
192.000	1.163	0.363
193.000	1.239	0.376
194.000	1.335	0.400
195.000	1.434	0.419
196.000	1.537	0.445
197.000	1.668	0.467
198.000	1.782	0.490
199.000	1.925	0.520
200.000	2.086	0.561
201.000	2.252	0.589
202.000	2.412	0.627
203.000	2.632	0.679
204.000	2.810	0.719
205.000	3.016	0.766
206.000	3.195	0.814
207.000	3.334	0.843
208.000	3.454	0.880
209.000	3.492	0.896
210.000	3.484	0.904
211.000	3.434	0.896
212.000	3.331	0.874
213.000	3.218	0.848
214.000	3.012	0.815
215.000	2.848	0.763
216.000	2.674	0.727
217.000	2.479	0.678
218.000	2.309	0.646
219.000	2.159	0.599
220.000	2.026	0.575
221.000	1.894	0.550
222.000	1.768	0.522
223.000	1.668	0.497
224.000	1.557	0.477
225.000	1.482	0.465
226.000	1.392	0.446
227.000	1.319	0.430
228.000	1.236	0.415
229.000	1.193	0.412
230.000	1.121	0.396
231.000	1.058	0.398
232.000	0.994	0.390
233.000	0.946	0.376
234.000	0.882	0.370
235.000	0.823	0.357
236.000	0.773	0.349
237.000	0.727	0.341
238.000	0.663	0.335
239.000	0.631	0.325
240.000	0.596	0.322
241.000	0.557	0.322
242.000	0.513	0.316
243.000	0.482	0.312
244.000	0.450	0.312
245.000	0.424	0.304
246.000	0.401	0.308
247.000	0.356	0.304
248.000	0.343	0.302
249.000	0.301	0.305
250.000	0.273	0.300
251.000	0.254	0.303
252.000	0.226	0.300
253.000	0.231	0.297
254.000	0.255	0.301
255.000	0.277	0.303
256.000	0.302	0.294
257.000	0.304	0.297
258.000	0.326	0.296
259.000	0.340	0.297
260.000	0.347	0.305
261.000	0.377	0.309
262.000	0.400	0.318
263.000	0.422	0.325
264.000	0.452	0.332
265.000	0.506	0.332
266.000	0.545	0.344
267.000	0.587	0.355
268.000	0.649	0.367
269.000	0.682	0.372
270.000	0.743	0.380
271.000	0.813	0.394
272.000	0.851	0.414
273.000	0.931	0.423
274.000	0.998	0.432
275.000	1.055	0.451
276.000	1.122	0.470
277.000	1.186	0.497
278.000	1.277	0.518
279.000	1.355	0.551
280.000	1.449	0.571
281.000	1.568	0.600
282.000	1.687	0.625
283.000	1.802	0.655
284.000	1.963	0.694
285.000	2.086	0.730
286.000	2.242	0.767
287.000	2.423	0.819
288.000	2.556	0.852
289.000	2.721	0.901
290.000	2.864	0.941
291.000	2.983	0.976
292.000	3.084	0.999
293.000	3.139	1.016
294.000	3.153	1.022
295.000	3.132	1.019
296.000	3.082	0.999
297.000	2.976	0.975
298.000	2.849	0.942
299.000	2.745	0.904
300.000	2.661	0.989
301.000	2.543	0.881
302.000	2.279	0.818
303.000	2.179	0.831
304.000	2.054	0.747
305.000	1.939	0.758
306.000	1.802	0.655
307.000	1.690	0.632
308.000	1.562	0.582
309.000	1.498	0.557
310.000	1.472	0.555
311.000	1.376	0.598
312.000	1.288	0.546
313.000	1.245	0.592
314.000	1.167	0.493
315.000	1.113	0.523
316.000	1.016	0.453
317.000	0.972	0.446
318.000	0.943	0.436
319.000	0.981	0.490
320.000	0.820	0.416
321.000	0.816	0.463
322.000	0.746	0.410
323.000	0.696	0.394
324.000	0.670	0.390
325.000	0.614	0.385
326.000	0.586	0.382
327.000	0.543	0.375
328.000	0.510	0.381
329.000	0.476	0.375
330.000	0.447	0.367
331.000	0.419	0.369
332.000	0.402	0.372
333.000	0.375	0.368
334.000	0.375	0.364
335.000	0.350	0.367
336.000	0.330	0.365
337.000	0.319	0.367
338.000	0.314	0.372
339.000	0.303	0.375
340.000	0.312	0.375
341.000	0.343	0.402
342.000	0.330	0.385
343.000	0.345	0.385
344.000	0.381	0.442
345.000	0.387	0.392
346.000	0.412	0.393
347.000	0.428	0.402
348.000	0.466	0.415
349.000	0.495	0.414
350.000	0.534	0.430
351.000	0.575	0.428
352.000	0.609	0.441
353.000	0.677	0.492
354.000	0.706	0.476
355.000	0.766	0.478
356.000	0.803	0.488
357.000	0.863	0.508
358.000	0.935	0.521
359.000	0.980	0.536
360.000	1.096	0.568
361.000	1.142	0.589
362.000	1.217	0.607
363.000	1.292	0.643
364.000	1.381	0.657
365.000	1.500	0.694
366.000	1.594	0.728
367.000	1.689	0.753
368.000	1.820	0.780
369.000	1.919	0.820
370.000	2.048	0.849
371.000	2.167	0.893
372.000	2.297	0.929
373.000	2.420	0.971
374.000	2.516	0.994
375.000	2.603	1.024
376.000	2.646	1.037
377.000	2.686	1.052
378.000	2.696	1.073
379.000	2.670	1.054
380.000	2.642	1.024
381.000	2.581	0.998
382.000	2.498	0.968
383.000	2.394	0.939
384.000	2.272	0.892
385.000	2.163	0.855
386.000	2.078	0.822
387.000	1.964	0.788
388.000	1.873	0.745
389.000	1.782	0.722
390.000	1.681	0.684
391.000	1.597	0.662
392.000	1.508	0.634
393.000	1.442	0.613
394.000	1.368	0.592
395.000	1.307	0.573
396.000	1.249	0.561
397.000	1.185	0.540
398.000	1.115	0.531
399.000	1.068	0.512
400.000	1.027	0.502
401.000	0.958	0.486
402.000	0.919	0.481
403.000	0.872	0.470
404.000	0.829	0.461
405.000	0.797	0.457
406.000	0.742	0.448
407.000	0.717	0.443
408.000	0.690	0.434
409.000	0.635	0.429
410.000	0.614	0.432
411.000	0.578	0.422
412.000	0.552	0.424
413.000	0.519	0.414
414.000	0.479	0.417
415.000	0.458	0.414
416.000	0.445	0.411
417.000	0.424	0.412
418.000	0.398	0.409
419.000	0.370	0.412
420.000	0.359	0.410
421.000	0.338	0.414
422.000	0.335	0.415
423.000	0.330	0.414
424.000	0.333	0.419
425.000	0.329	0.428
426.000	0.340	0.427
427.000	0.355	0.431
428.000	0.366	0.433
429.000	0.397	0.438
430.000	0.422	0.444
431.000	0.442	0.445
432.000	0.476	0.452
433.000	0.512	0.461
434.000	0.544	0.473
435.000	0.579	0.481
436.000	0.624	0.491
437.000	0.651	0.505
438.000	0.698	0.517
439.000	0.747	0.536
440.000	0.800	0.541
441.000	0.862	0.564
442.000	0.916	0.582
443.000	0.965	0.597
444.000	1.049	0.620
445.000	1.121	0.641
446.000	1.182	0.669
447.000	1.270	0.696
448.000	1.340	0.721
449.000	1.454	0.763
450.000	1.532	0.791
451.000	1.623	0.826
452.000	1.730	0.857
453.000	1.839	0.891
454.000	1.939	0.925
455.000	2.052	0.967
456.000	2.149	0.997
457.000	2.230	1.027
458.000	2.308	1.046
459.000	2.372	1.068
460.000	2.408	1.075
461.000	2.424	1.078
462.000	2.440	1.075
463.000	2.408	1.065
464.000	2.363	1.046
465.000	2.311	1.021
466.000	2.240	0.991
467.000	2.172	0.951
468.000	2.069	0.914
469.000	2.002	0.882
470.000	1.902	0.849
471.000	1.811	0.812
472.000	1.728	0.783
473.000	1.660	0.754
474.000	1.573	0.722
475.000	1.500	0.699
476.000	1.421	0.671
477.000	1.365	0.656
478.000	1.306	0.628
479.000	1.231	0.609
480.000	1.204	0.593
481.000	1.129	0.580
482.000	1.082	0.562
483.000	1.024	0.552
484.000	0.979	0.535
485.000	0.946	0.529
486.000	0.904	0.528
487.000	0.851	0.503
488.000	0.821	0.491
489.000	0.784	0.488
490.000	0.748	0.475
491.000	0.718	0.466
492.000	0.682	0.464
493.000	0.631	0.453
494.000	0.617	0.448
495.000	0.577	0.451
496.000	0.548	0.445
497.000	0.514	0.440
498.000	0.496	0.444
499.000	0.475	0.446
500.000	0.450	0.447
501.000	0.434	0.444
502.000	0.420	0.450
503.000	0.409	0.445
504.000	0.400	0.451
505.000	0.402	0.454
506.000	0.384	0.454
507.000	0.389	0.451
508.000	0.388	0.457
509.000	0.396	0.466
510.000	0.406	0.469
511.000	0.411	0.471
512.000	0.420	0.482
513.000	0.439	0.489
514.000	0.467	0.498
515.000	0.491	0.507
516.000	0.513	0.517
517.000	0.553	0.531
518.000	0.572	0.541
519.000	0.612	0.551
520.000	0.670	0.570
521.000	0.706	0.579
522.000	0.746	0.595
523.000	0.814	0.611
524.000	0.840	0.621
525.000	0.904	0.643
526.000	0.966	0.665
527.000	1.029	0.685
528.000	1.095	0.711
529.000	1.167	0.728
530.000	1.226	0.754
531.000	1.312	0.786
532.000	1.403	0.818
533.000	1.507	0.859
534.000	1.570	0.873
535.000	1.655	0.902
536.000	1.738	0.936
537.000	1.811	0.963
538.000	1.899	0.991
539.000	1.974	1.007
540.000	2.058	1.034
541.000	2.089	1.043
542.000	2.135	1.053
543.000	2.134	1.050
544.000	2.143	1.043
545.000	2.132	1.024
546.000	2.101	1.011
547.000	2.050	0.981
548.000	2.007	0.962
549.000	1.954	0.938
550.000	1.883	0.902
551.000	1.801	0.866
552.000	1.740	0.830
553.000	1.668	0.808
554.000	1.611	0.785
555.000	1.521	0.742
556.000	1.480	0.755
557.000	1.409	0.699
558.000	1.337	0.673
559.000	1.278	0.649
560.000	1.225	0.633
561.000	1.172	0.612
562.000	1.132	0.596
563.000	1.071	0.579
564.000	1.029	0.571
565.000	1.001	0.555
566.000	0.957	0.543
567.000	0.909	0.529
568.000	0.901	0.524
569.000	0.851	0.512
570.000	0.825	0.499
571.000	0.799	0.500
572.000	0.784	0.488
573.000	0.761	0.483
574.000	0.738	0.474
575.000	0.745	0.486
576.000	0.751	0.463
577.000	0.681	0.468
578.000	0.680	0.460
579.000	0.662	0.456
580.000	0.651	0.461
581.000	0.636	0.448
582.000	0.622	0.451
583.000	0.611	0.454
584.000	0.621	0.451
585.000	0.612	0.446
586.000	0.592	0.444
587.000	0.600	0.464
588.000	0.565	0.444
589.000	0.564	0.450
590.000	0.558	0.447
591.000	0.571	0.479
592.000	0.577	0.456
593.000	0.615	0.460
594.000	0.652	0.470
595.000	0.694	0.481
596.000	0.746	0.498
597.000	0.767	0.511
598.000	0.786	0.525
599.000	0.785	0.545
600.000	0.827	0.545
601.000	0.868	0.560
602.000	0.921	0.578
603.000	0.949	0.587
604.000	0.995	0.608
605.000	1.054	0.630
606.000	1.083	0.641
607.000	1.148	0.672
608.000	1.187	0.696
609.000	1.251	0.723
610.000	1.304	0.746
611.000	1.348	0.774
612.000	1.423	0.813
613.000	1.495	0.841
614.000	1.553	0.893
615.000	1.638	0.916
616.000	1.710	0.950
617.000	1.765	0.968
618.000	1.842	1.000
619.000	1.893	1.013
620.000	1.952	1.030
621.000	1.984	1.038
622.000	2.046	1.052
623.000	2.024	1.040
624.000	2.030	1.036
625.000	2.012	1.019
626.000	1.994	1.002
627.000	1.952	0.979
628.000	1.923	0.957
629.000	1.856	0.934
630.000	1.807	0.903
631.000	1.743	0.878
632.000	1.678	0.849
633.000	1.618	0.829
634.000	1.563	0.799
635.000	1.503	0.772
636.000	1.458	0.755
637.000	1.383	0.726
638.000	1.333	0.710
639.000	1.274	0.686
640.000	1.236	0.665
641.000	1.178	0.652
642.000	1.126	0.632
643.000	1.091	0.619
644.000	1.042	0.612
645.000	0.994	0.600
646.000	0.962	0.585
647.000	0.914	0.574
648.000	0.882	0.567
649.000	0.856	0.557
650.000	0.809	0.551
651.000	0.768	0.540
652.000	0.749	0.537
653.000	0.699	0.540
654.000	0.682	0.527
655.000	0.647	0.521
656.000	0.613	0.518
657.000	0.597	0.519
658.000	0.572	0.515
659.000	0.539	0.516
660.000	0.529	0.513
661.000	0.507	0.512
662.000	0.490	0.512
663.000	0.479	0.513
664.000	0.465	0.516
665.000	0.463	0.522
666.000	0.455	0.530
667.000	0.462	0.524
668.000	0.461	0.529
669.000	0.465	0.539
670.000	0.490	0.543
671.000	0.500	0.548
672.000	0.515	0.552
673.000	0.542	0.562
674.000	0.567	0.571
675.000	0.601	0.586
676.000	0.627	0.596
677.000	0.675	0.604
678.000	0.704	0.614
679.000	0.755	0.629
680.000	0.820	0.645
681.000	0.856	0.663
682.000	0.911	0.678
683.000	0.965	0.700
684.000	1.021	0.716
685.000	1.093	0.742
686.000	1.158	0.759
687.000	1.232	0.782
688.000	1.304	0.814
689.000	1.379	0.838
690.000	1.438	0.859
691.000	1.529	0.884
692.000	1.583	0.906
693.000	1.659	0.932
694.000	1.727	0.946
695.000	1.784	0.962
696.000	1.841	0.975
697.000	1.872	0.981
698.000	1.909	0.988
699.000	1.929	0.985
700.000	1.927	0.977
701.000	1.928	0.968
702.000	1.894	0.950
703.000	1.863	0.934
704.000	1.812	0.910
705.000	1.784	0.886
706.000	1.740	0.871
707.000	1.683	0.841
708.000	1.634	0.817
709.000	1.577	0.796
710.000	1.506	0.767
711.000	1.457	0.744
712.000	1.400	0.731
713.000	1.344	0.699
714.000	1.293	0.681
715.000	1.241	0.664
716.000	1.199	0.647
717.000	1.156	0.633
718.000	1.114	0.615
719.000	1.066	0.601
720.000	1.015	0.593
721.000	0.973	0.581
722.000	0.940	0.570
723.000	0.883	0.559
724.000	0.853	0.547
725.000	0.818	0.542
726.000	0.779	0.540
727.000	0.765	0.535
728.000	0.739	0.556
729.000	0.698	0.530
730.000	0.671	0.532
731.000	0.631	0.515
732.000	0.614	0.512
733.000	0.589	0.516
734.000	0.573	0.514
735.000	0.565	0.512
736.000	0.541	0.514
737.000	0.530	0.515
738.000	0.527	0.513
739.000	0.525	0.516
740.000	0.536	0.520
741.000	0.535	0.528
742.000	0.559	0.531
743.000	0.563	0.540
744.000	0.595	0.540
745.000	0.613	0.551
746.000	0.641	0.560
747.000	0.677	0.566
748.000	0.725	0.587
749.000	0.795	0.626
750.000	0.844	0.644
751.000	0.888	0.674
752.000	0.932	0.658
753.000	1.019	0.675
754.000	1.045	0.689
755.000	1.103	0.714
756.000	1.176	0.717
757.000	1.244	0.708
758.000	1.298	0.730
759.000	1.389	0.746
760.000	1.456	0.768
761.000	1.542	0.790
762.000	1.599	0.799
763.000	1.668	0.810
764.000	1.718	0.825
765.000	1.773	0.835
766.000	1.810	0.843
767.000	1.850	0.839
768.000	1.851	0.838
769.000	1.874	0.827
770.000	1.875	0.824
771.000	1.852	0.805
772.000	1.813	0.789
773.000	1.789	0.772
774.000	1.767	0.753
775.000	1.689	0.731
776.000	1.655	0.717
777.000	1.604	0.688
778.000	1.546	0.666
779.000	1.489	0.650
780.000	1.419	0.626
781.000	1.373	0.613
782.000	1.326	0.594
783.000	1.254	0.578
784.000	1.209	0.564
785.000	1.169	0.554
786.000	1.128	0.547
787.000	1.088	0.559
788.000	1.029	0.515
789.000	0.988	0.504
790.000	0.952	0.494
791.000	0.892	0.500
792.000	0.861	0.482
793.000	0.828	0.480
794.000	0.800	0.483
795.000	0.771	0.470
796.000	0.739	0.458
797.000	0.707	0.454
798.000	0.692	0.454
799.000	0.672	0.455
800.000	0.659	0.456
801.000	0.651	0.450
802.000	0.654	0.450
803.000	0.660	0.451
804.000	0.677	0.452
805.000	0.691	0.453
806.000	0.718	0.456
807.000	0.741	0.465
808.000	0.777	0.466
809.000	0.818	0.472
810.000	0.860	0.473
811.000	0.913	0.486
812.000	0.984	0.491
813.000	1.049	0.501
814.000	1.105	0.503
815.000	1.160	0.513
816.000	1.249	0.525
817.000	1.308	0.532
818.000	1.388	0.541
819.000	1.468	0.558
820.000	1.519	0.561
821.000	1.605	0.564
822.000	1.662	0.577
823.000	1.715	0.580
824.000	1.784	0.575
825.000	1.806	0.572
826.000	1.839	0.567
827.000	1.858	0.564
828.000	1.855	0.554
829.000	1.869	0.550
830.000	1.850	0.537
831.000	1.820	0.522
832.000	1.790	0.512
833.000	1.753	0.501
834.000	1.713	0.487
835.000	1.664	0.472
836.000	1.608	0.465
837.000	1.556	0.442
838.000	1.506	0.432
839.000	1.468	0.423
840.000	1.426	0.409
841.000	1.377	0.402
842.000	1.339	0.390
843.000	1.302	0.382
844.000	1.293	0.375
845.000	1.260	0.367
846.000	1.271	0.356
847.000	1.285	0.352
848.000	1.301	0.345
849.000	1.324	0.341
850.000	1.361	0.335
851.000	1.419	0.323
852.000	1.480	0.320
853.000	1.559	0.314
854.000	1.642	0.304
855.000	1.715	0.298
856.000	1.833	0.298
857.000	1.903	0.285
858.000	1.985	0.275
859.000	2.079	0.266
860.000	2.158	0.252
861.000	2.228	0.245
862.000	2.277	0.229
863.000	2.341	0.228
864.000	2.373	0.209
865.000	2.403	0.197
866.000	2.428	0.191
867.000	2.434	0.176
868.000	2.429	0.168
869.000	2.431	0.158
870.000	2.415	0.147
871.000	2.398	0.142
872.000	2.371	0.131
873.000	2.345	0.125
874.000	2.326	0.116
875.000	2.305	0.112
876.000	2.271	0.107
877.000	2.264	0.107
878.000	2.243	0.103
879.000	2.203	0.090
880.000	2.181	0.094
881.000	2.154	0.082
882.000	2.129	0.081
883.000	2.106	0.079
884.000	2.077	0.075
885.000	2.066	0.068
886.000	2.053	0.066
887.000	2.021	0.064
888.000	2.000	0.062
889.000	1.976	0.066
890.000	1.944	0.065
891.000	1.941	0.061
892.000	1.917	0.065
893.000	1.894	0.057
894.000	1.881	0.053
895.000	1.868	0.054
896.000	1.863	0.057
897.000	1.826	0.052
898.000	1.825	0.048
899.000	1.814	0.050
900.000	1.794	0.048
901.000	1.775	0.045
902.000	1.768	0.047
903.000	1.747	0.049
904.000	1.732	0.050
905.000	1.724	0.044
906.000	1.701	0.042
907.000	1.702	0.043
908.000	1.673	0.043
909.000	1.670	0.040
910.000	1.663	0.041
911.000	1.644	0.043
912.000	1.637	0.036
913.000	1.622	0.043
914.000	1.613	0.038
915.000	1.606	0.038
916.000	1.600	0.042
917.000	1.608	0.044
918.000	1.580	0.033
919.000	1.566	0.039
920.000	1.554	0.039
921.000	1.539	0.039
922.000	1.536	0.036
923.000	1.522	0.033
924.000	1.508	0.034
925.000	1.507	0.035
926.000	1.513	0.034
927.000	1.493	0.035
928.000	1.479	0.036
929.000	1.475	0.036
930.000	1.462	0.036
931.000	1.457	0.037
932.000	1.443	0.031
933.000	1.446	0.032
934.000	1.425	0.040
935.000	1.422	0.039
936.000	1.425	0.035
937.000	1.424	0.035
938.000	1.407	0.034
939.000	1.396	0.036
940.000	1.393	0.033
941.000	1.394	0.034
942.000	1.377	0.036
943.000	1.366	0.037
944.000	1.356	0.033
945.000	1.362	0.033
946.000	1.345	0.033
947.000	1.341	0.035
948.000	1.332	0.035
949.000	1.333	0.036
950.000	1.325	0.031
951.000	1.322	0.032
952.000	1.315	0.031
953.000	1.309	0.033
954.000	1.301	0.038
955.000	1.302	0.038
956.000	1.291	0.034
957.000	1.279	0.032
958.000	1.284	0.032
959.000	1.270	0.038
960.000	1.263	0.033
961.000	1.260	0.031
962.000	1.258	0.035
963.000	1.254	0.031
964.000	1.252	0.037
965.000	1.244	0.033
966.000	1.244	0.033
967.000	1.229	0.035
968.000	1.227	0.032
969.000	1.230	0.032
970.000	1.219	0.032
971.000	1.203	0.035
972.000	1.207	0.032
973.000	1.208	0.034
974.000	1.196	0.039
975.000	1.196	0.035
976.000	1.195	0.033
977.000	1.192	0.032
978.000	1.177	0.035
979.000	1.170	0.033
980.000	1.178	0.036
981.000	1.168	0.038
982.000	1.164	0.036
983.000	1.157	0.034
984.000	1.149	0.037
985.000	1.166	0.033
986.000	1.142	0.037
987.000	1.131	0.031
988.000	1.134	0.030
989.000	1.130	0.030
990.000	1.129	0.031
991.000	1.133	0.035
992.000	1.111	0.039
993.000	1.128	0.060
994.000	1.130	0.049
995.000	1.111	0.034
996.000	1.105	0.033
997.000	1.101	0.031
998.000	1.096	0.041
999.000	1.104	0.030
1000.000	1.080	0.032
1001.000	1.080	0.035
1002.000	1.081	0.033
1003.000	1.084	0.032
1004.000	1.100	0.054
1005.000	1.077	0.035
1006.000	1.068	0.037
1007.000	1.062	0.034
1008.000	1.050	0.040
1009.000	1.057	0.034
1010.000	1.063	0.066
1011.000	1.060	0.037
1012.000	1.043	0.035
1013.000	1.037	0.034
1014.000	1.028	0.028
1015.000	1.041	0.032
1016.000	1.029	0.034
1017.000	1.028	0.035
1018.000	1.015	0.031
1019.000	1.011	0.034
1020.000	1.029	0.034
1021.000	1.048	0.095
1022.000	1.020	0.047
1023.000	1.002	0.032
1024.000	1.004	0.031
1025.000	1.011	0.029
1026.000	1.009	0.049
1027.000	0.997	0.033
1028.000	0.998	0.034
1029.000	1.000	0.028
1030.000	0.979	0.032
1031.000	0.980	0.031
1032.000	0.986	0.042
1033.000	0.989	0.104
1034.000	0.995	0.096
1035.000	0.989	0.040
1036.000	0.998	0.059
1037.000	0.983	0.035
1038.000	0.974	0.036
1039.000	0.969	0.035
1040.000	0.962	0.039
1041.000	0.975	0.034
1042.000	0.959	0.029
1043.000	0.960	0.032
1044.000	0.947	0.031
1045.000	0.946	0.031
1046.000	0.943	0.029
1047.000	0.935	0.028
1048.000	0.935	0.031
1049.000	0.949	0.032
1050.000	0.952	0.052
1051.000	0.958	0.085
1052.000	0.944	0.036
1053.000	0.937	0.097
1054.000	0.936	0.074
1055.000	0.930	0.051
1056.000	0.923	0.043
1057.000	0.918	0.036
1058.000	0.907	0.044
1059.000	0.916	0.036
1060.000	0.900	0.031
1061.000	0.899	0.028
1062.000	0.900	0.032
1063.000	0.896	0.032
1064.000	0.901	0.036
1065.000	0.902	0.028
1066.000	0.901	0.034
1067.000	0.902	0.039
1068.000	0.902	0.034
1069.000	0.896	0.034
1070.000	0.880	0.031
1071.000	0.879	0.030
1072.000	0.886	0.030
1073.000	0.885	0.034
1074.000	0.888	0.043
1075.000	0.871	0.030
1076.000	0.857	0.028
1077.000	0.844	0.027
1078.000	0.860	0.030
1079.000	0.852	0.032
1080.000	0.871	0.027
1081.000	0.866	0.029
1082.000	0.861	0.029
1083.000	0.864	0.028
1084.000	0.848	0.026
1085.000	0.854	0.030
1086.000	0.849	0.028
1087.000	0.848	0.031
1088.000	0.840	0.031
1089.000	0.850	0.033
1090.000	0.844	0.045
1091.000	0.851	0.051
1092.000	0.869	0.051
1093.000	0.847	0.029
1094.000	0.838	0.031
1095.000	0.838	0.052
1096.000	0.862	0.038
1097.000	0.823	0.030
1098.000	0.831	0.033
1099.000	0.834	0.030
1100.000	0.853	0.031
1101.000	0.826	0.037
1102.000	0.870	0.053
1103.000	0.834	0.043
1104.000	0.817	0.034
1105.000	0.824	0.032
1106.000	0.812	0.031
1107.000	0.818	0.032
1108.000	0.829	0.035
1109.000	0.856	0.054
1110.000	0.850	0.058
1111.000	0.808	0.030
1112.000	0.815	0.029
1113.000	0.800	0.034
1114.000	0.792	0.036
1115.000	0.799	0.030
1116.000	0.800	0.034
1117.000	0.794	0.035
1118.000	0.796	0.033
1119.000	0.787	0.029
1120.000	0.796	0.033
1121.000	0.798	0.034
1122.000	0.781	0.030
1123.000	0.787	0.036
1124.000	0.774	0.036
1125.000	0.819	0.077
1126.000	0.781	0.044
1127.000	0.773	0.027
1128.000	0.772	0.030
1129.000	0.768	0.036
1130.000	0.781	0.030
1131.000	0.770	0.038
1132.000	0.775	0.042
1133.000	0.769	0.032
1134.000	0.881	0.086
1135.000	0.755	0.033
1136.000	0.767	0.033
1137.000	0.765	0.032
1138.000	0.756	0.035
1139.000	0.752	0.038
1140.000	0.756	0.041
1141.000	0.752	0.048
1142.000	0.759	0.034
1143.000	0.760	0.029
1144.000	0.754	0.034
1145.000	0.740	0.033
1146.000	0.759	0.049
1147.000	0.746	0.035
1148.000	0.748	0.039
1149.000	0.735	0.031
1150.000	0.732	0.034
1151.000	0.739	0.033
1152.000	0.746	0.046
1153.000	0.750	0.049
1154.000	0.752	0.091
1155.000	0.743	0.047
1156.000	0.726	0.036
1157.000	0.732	0.036
1158.000	0.738	0.054
1159.000	0.730	0.040
1160.000	0.724	0.036
1161.000	0.737	0.042
1162.000	0.728	0.035
1163.000	0.715	0.044
1164.000	0.713	0.038
1165.000	0.713	0.032
1166.000	0.711	0.041
1167.000	0.706	0.036
1168.000	0.709	0.031
1169.000	0.715	0.036
1170.000	0.710	0.032
1171.000	0.706	0.035
1172.000	0.712	0.036
1173.000	0.703	0.036
1174.000	0.707	0.034
1175.000	0.697	0.040
1176.000	0.701	0.039
1177.000	0.692	0.036
1178.000	0.695	0.044
1179.000	0.696	0.043
1180.000	0.687	0.044
1181.000	0.687	0.046
1182.000	0.695	0.040
1183.000	0.677	0.042
1184.000	0.702	0.036
1185.000	0.683	0.040
1186.000	0.687	0.039
1187.000	0.693	0.044
1188.000	0.694	0.041
1189.000	0.678	0.044
1190.000	0.688	0.040
1191.000	0.672	0.041
1192.000	0.666	0.042
1193.000	0.698	0.047
1194.000	0.679	0.044
1195.000	0.680	0.045
1196.000	0.672	0.043
1197.000	0.658	0.048
1198.000	0.681	0.043
1199.000	0.670	0.043
1200.000	0.663	0.046
1201.000	0.661	0.043
1202.000	0.664	0.044
1203.000	0.666	0.051
1204.000	0.657	0.046
1205.000	0.655	0.049
1206.000	0.658	0.053
1207.000	0.659	0.048
1208.000	0.649	0.051
1209.000	0.644	0.052
1210.000	0.657	0.051
1211.000	0.651	0.061
1212.000	0.648	0.058
1213.000	0.644	0.055
1214.000	0.646	0.054
1215.000	0.643	0.057
1216.000	0.646	0.058
1217.000	0.638	0.063
1218.000	0.641	0.069
1219.000	0.633	0.064
1220.000	0.638	0.071
1221.000	0.632	0.069
1222.000	0.629	0.077
1223.000	0.626	0.073
1224.000	0.631	0.084
1225.000	0.619	0.086
1226.000	0.629	0.090
1227.000	0.622	0.091
1228.000	0.627	0.092
1229.000	0.620	0.096
1230.000	0.623	0.105
1231.000	0.615	0.101
1232.000	0.621	0.102
1233.000	0.616	0.107
1234.000	0.609	0.107
1235.000	0.613	0.110
1236.000	0.614	0.120
1237.000	0.607	0.116
1238.000	0.602	0.122
1239.000	0.603	0.130
1240.000	0.612	0.132
1241.000	0.599	0.131
1242.000	0.607	0.135
1243.000	0.596	0.128
1244.000	0.613	0.132
1245.000	0.600	0.131
1246.000	0.591	0.137
1247.000	0.596	0.141
1248.000	0.605	0.143
1249.000	0.595	0.153
1250.000	0.580	0.149
1251.000	0.587	0.147
1252.000	0.583	0.151
1253.000	0.588	0.162
1254.000	0.577	0.161
1255.000	0.577	0.161
1256.000	0.579	0.169
1257.000	0.582	0.170
1258.000	0.576	0.180
1259.000	0.566	0.179
1260.000	0.567	0.186
1261.000	0.571	0.186
1262.000	0.563	0.189
1263.000	0.566	0.201
1264.000	0.573	0.206
1265.000	0.552	0.207
1266.000	0.548	0.213
1267.000	0.566	0.220
1268.000	0.560	0.232
1269.000	0.551	0.238
1270.000	0.545	0.245
1271.000	0.546	0.251
1272.000	0.538	0.260
1273.000	0.541	0.271
1274.000	0.536	0.277
1275.000	0.541	0.291
1276.000	0.537	0.302
1277.000	0.544	0.317
1278.000	0.550	0.324
1279.000	0.549	0.337
1280.000	0.541	0.343
1281.000	0.537	0.359
1282.000	0.558	0.367
1283.000	0.540	0.378
1284.000	0.558	0.386
1285.000	0.552	0.395
1286.000	0.549	0.401
1287.000	0.564	0.415
1288.000	0.556	0.420
1289.000	0.565	0.424
1290.000	0.564	0.434
1291.000	0.535	0.435
1292.000	0.547	0.438
1293.000	0.561	0.439
1294.000	0.568	0.441
1295.000	0.563	0.442
1296.000	0.564	0.444
1297.000	0.564	0.438
1298.000	0.561	0.441
1299.000	0.569	0.435
1300.000	0.566	0.442
1301.000	0.554	0.438
1302.000	0.554	0.444
1303.000	0.562	0.435
1304.000	0.556	0.436
1305.000	0.550	0.434
1306.000	0.550	0.437
1307.000	0.543	0.439
1308.000	0.543	0.436
1309.000	0.554	0.446
1310.000	0.539	0.441
1311.000	0.536	0.443
1312.000	0.529	0.455
1313.000	0.529	0.457
1314.000	0.527	0.455
1315.000	0.532	0.468
1316.000	0.534	0.464
1317.000	0.524	0.475
1318.000	0.518	0.476
1319.000	0.513	0.485
1320.000	0.508	0.494
1321.000	0.512	0.501
1322.000	0.503	0.511
1323.000	0.521	0.524
1324.000	0.510	0.534
1325.000	0.506	0.546
1326.000	0.514	0.588
1327.000	0.545	0.596
1328.000	0.533	0.610
1329.000	0.517	0.618
1330.000	0.523	0.632
1331.000	0.517	0.614
1332.000	0.528	0.626
1333.000	0.520	0.640
1334.000	0.531	0.651
1335.000	0.536	0.659
1336.000	0.550	0.672
1337.000	0.560	0.722
1338.000	0.562	0.688
1339.000	0.561	0.689
1340.000	0.572	0.699
1341.000	0.575	0.689
1342.000	0.590	0.695
1343.000	0.589	0.682
1344.000	0.601	0.681
1345.000	0.603	0.677
1346.000	0.606	0.674
1347.000	0.613	0.669
1348.000	0.605	0.660
1349.000	0.611	0.649
1350.000	0.629	0.659
1351.000	0.607	0.657
1352.000	0.632	0.649
1353.000	0.627	0.644
1354.000	0.623	0.615
1355.000	0.614	0.598
1356.000	0.610	0.586
1357.000	0.603	0.580
1358.000	0.599	0.567
1359.000	0.596	0.566
1360.000	0.605	0.559
1361.000	0.592	0.551
1362.000	0.597	0.548
1363.000	0.591	0.543
1364.000	0.588	0.540
1365.000	0.577	0.538
1366.000	0.581	0.532
1367.000	0.571	0.532
1368.000	0.574	0.536
1369.000	0.573	0.530
1370.000	0.568	0.528
1371.000	0.564	0.525
1372.000	0.556	0.525
1373.000	0.559	0.528
1374.000	0.552	0.529
1375.000	0.546	0.529
1376.000	0.547	0.533
1377.000	0.545	0.535
1378.000	0.541	0.545
1379.000	0.534	0.547
1380.000	0.536	0.553
1381.000	0.538	0.560
1382.000	0.541	0.566
1383.000	0.530	0.571
1384.000	0.528	0.578
1385.000	0.525	0.585
1386.000	0.525	0.594
1387.000	0.522	0.603
1388.000	0.528	0.615
1389.000	0.513	0.623
1390.000	0.524	0.639
1391.000	0.535	0.642
1392.000	0.526	0.658
1393.000	0.525	0.667
1394.000	0.520	0.685
1395.000	0.523	0.689
1396.000	0.527	0.702
1397.000	0.544	0.717
1398.000	0.545	0.725
1399.000	0.546	0.733
1400.000	0.544	0.744
1401.000	0.557	0.750
1402.000	0.568	0.759
1403.000	0.567	0.759
1404.000	0.574	0.768
1405.000	0.575	0.768
1406.000	0.587	0.771
1407.000	0.601	0.772
1408.000	0.613	0.768
1409.000	0.607	0.766
1410.000	0.612	0.756
1411.000	0.619	0.749
1412.000	0.608	0.745
1413.000	0.619	0.739
1414.000	0.621	0.731
1415.000	0.625	0.717
1416.000	0.625	0.705
1417.000	0.633	0.700
1418.000	0.616	0.685
1419.000	0.626	0.677
1420.000	0.613	0.668
1421.000	0.624	0.654
1422.000	0.620	0.647
1423.000	0.615	0.639
1424.000	0.622	0.635
1425.000	0.616	0.624
1426.000	0.613	0.615
1427.000	0.596	0.609
1428.000	0.603	0.609
1429.000	0.601	0.599
1430.000	0.602	0.594
1431.000	0.586	0.586
1432.000	0.586	0.584
1433.000	0.587	0.578
1434.000	0.579	0.574
1435.000	0.569	0.573
1436.000	0.563	0.570
1437.000	0.575	0.573
1438.000	0.587	0.573
1439.000	0.569	0.568
1440.000	0.563	0.568
1441.000	0.561	0.568
1442.000	0.565	0.573
1443.000	0.562	0.577
1444.000	0.566	0.577
1445.000	0.548	0.578
1446.000	0.552	0.581
1447.000	0.540	0.586
1448.000	0.542	0.589
1449.000	0.549	0.598
1450.000	0.536	0.608
1451.000	0.538	0.613
1452.000	0.532	0.620
1453.000	0.519	0.628
1454.000	0.520	0.637
1455.000	0.526	0.648
1456.000	0.516	0.660
1457.000	0.524	0.670
1458.000	0.515	0.678
1459.000	0.512	0.707
1460.000	0.525	0.712
1461.000	0.534	0.735
1462.000	0.539	0.744
1463.000	0.529	0.754
1464.000	0.530	0.785
1465.000	0.517	0.776
1466.000	0.521	0.817
1467.000	0.542	0.807
1468.000	0.540	0.812
1469.000	0.539	0.837
1470.000	0.553	0.839
1471.000	0.566	0.885
1472.000	0.584	0.877
1473.000	0.577	0.896
1474.000	0.578	0.883
1475.000	0.591	0.881
1476.000	0.590	0.882
1477.000	0.601	0.887
1478.000	0.607	0.878
1479.000	0.620	0.872
1480.000	0.631	0.871
1481.000	0.626	0.854
1482.000	0.625	0.847
1483.000	0.635	0.832
1484.000	0.630	0.826
1485.000	0.650	0.814
1486.000	0.649	0.799
1487.000	0.648	0.788
1488.000	0.658	0.779
1489.000	0.646	0.762
1490.000	0.646	0.746
1491.000	0.650	0.737
1492.000	0.642	0.724
1493.000	0.642	0.745
1494.000	0.652	0.724
1495.000	0.643	0.694
1496.000	0.651	0.683
1497.000	0.650	0.687
1498.000	0.635	0.671
1499.000	0.625	0.650
1500.000	0.619	0.639
1501.000	0.613	0.631
1502.000	0.620	0.625
1503.000	0.615	0.626
1504.000	0.617	0.614
1505.000	0.625	0.616
1506.000	0.600	0.608
1507.000	0.611	0.601
1508.000	0.602	0.603
1509.000	0.603	0.595
1510.000	0.590	0.601
1511.000	0.584	0.598
1512.000	0.583	0.599
1513.000	0.593	0.596
1514.000	0.590	0.595
1515.000	0.583	0.597
1516.000	0.578	0.602
1517.000	0.571	0.601
1518.000	0.599	0.608
1519.000	0.563	0.611
1520.000	0.556	0.614
1521.000	0.564	0.616
1522.000	0.564	0.622
1523.000	0.554	0.632
1524.000	0.552	0.637
1525.000	0.549	0.646
1526.000	0.552	0.658
1527.000	0.540	0.659
1528.000	0.539	0.668
1529.000	0.538	0.680
1530.000	0.540	0.690
1531.000	0.537	0.706
1532.000	0.533	0.710
1533.000	0.541	0.724
1534.000	0.548	0.736
1535.000	0.543	0.742
1536.000	0.552	0.755
1537.000	0.546	0.766
1538.000	0.542	0.776
1539.000	0.555	0.783
1540.000	0.557	0.797
1541.000	0.564	0.806
1542.000	0.563	0.816
1543.000	0.579	0.827
1544.000	0.586	0.833
1545.000	0.591	0.836
1546.000	0.602	0.839
1547.000	0.598	0.846
1548.000	0.609	0.841
1549.000	0.624	0.839
1550.000	0.625	0.841
1551.000	0.628	0.831
1552.000	0.633	0.822
1553.000	0.633	0.813
1554.000	0.640	0.805
1555.000	0.651	0.798
1556.000	0.645	0.786
1557.000	0.649	0.785
1558.000	0.659	0.770
1559.000	0.669	0.762
1560.000	0.651	0.742
1561.000	0.648	0.730
1562.000	0.641	0.715
1563.000	0.654	0.709
1564.000	0.655	0.692
1565.000	0.635	0.680
1566.000	0.647	0.680
1567.000	0.635	0.668
1568.000	0.636	0.654
1569.000	0.632	0.640
1570.000	0.635	0.634
1571.000	0.627	0.626
1572.000	0.625	0.624
1573.000	0.618	0.614
1574.000	0.617	0.610
1575.000	0.633	0.613
1576.000	0.609	0.606
1577.000	0.614	0.598
1578.000	0.608	0.595
1579.000	0.606	0.592
1580.000	0.600	0.591
1581.000	0.599	0.588
1582.000	0.590	0.584
1583.000	0.597	0.590
1584.000	0.595	0.595
1585.000	0.583	0.589
1586.000	0.581	0.587
1587.000	0.582	0.593
1588.000	0.570	0.595
1589.000	0.593	0.596
1590.000	0.565	0.597
1591.000	0.567	0.602
1592.000	0.550	0.608
1593.000	0.559	0.614
1594.000	0.572	0.625
1595.000	0.547	0.628
1596.000	0.561	0.631
1597.000	0.554	0.637
1598.000	0.569	0.686
1599.000	0.569	0.681
1600.000	0.552	0.673
1601.000	0.566	0.686
1602.000	0.565	0.703
1603.000	0.562	0.715
1604.000	0.559	0.704
1605.000	0.554	0.721
1606.000	0.562	0.720
1607.000	0.576	0.737
1608.000	0.580	0.747
1609.000	0.586	0.749
1610.000	0.570	0.753
1611.000	0.580	0.767
1612.000	0.580	0.773
1613.000	0.582	0.780
1614.000	0.585	0.793
1615.000	0.609	0.795
1616.000	0.592	0.791
1617.000	0.611	0.793
1618.000	0.602	0.789
1619.000	0.607	0.785
1620.000	0.618	0.784
1621.000	0.623	0.778
1622.000	0.633	0.781
1623.000	0.633	0.778
1624.000	0.646	0.775
1625.000	0.631	0.749
1626.000	0.639	0.742
1627.000	0.650	0.737
1628.000	0.642	0.726
1629.000	0.632	0.708
1630.000	0.632	0.698
1631.000	0.640	0.688
1632.000	0.652	0.681
1633.000	0.629	0.673
1634.000	0.636	0.662
1635.000	0.643	0.654
1636.000	0.645	0.642
1637.000	0.641	0.638
1638.000	0.645	0.625
1639.000	0.631	0.618
1640.000	0.637	0.610
1641.000	0.626	0.606
1642.000	0.629	0.601
1643.000	0.632	0.593
1644.000	0.637	0.589
1645.000	0.614	0.582
1646.000	0.635	0.583
1647.000	0.616	0.578
1648.000	0.613	0.575
1649.000	0.624	0.572
1650.000	0.606	0.571
1651.000	0.620	0.570
1652.000	0.606	0.577
1653.000	0.612	0.574
1654.000	0.602	0.574
1655.000	0.608	0.571
1656.000	0.600	0.575
1657.000	0.601	0.576
1658.000	0.603	0.582
1659.000	0.605	0.584
1660.000	0.605	0.594
1661.000	0.590	0.584
1662.000	0.586	0.592
1663.000	0.602	0.597
1664.000	0.583	0.612
1665.000	0.583	0.613
1666.000	0.583	0.619
1667.000	0.586	0.633
1668.000	0.581	0.635
1669.000	0.580	0.643
1670.000	0.589	0.653
1671.000	0.592	0.667
1672.000	0.598	0.669
1673.000	0.590	0.683
1674.000	0.594	0.694
1675.000	0.591	0.703
1676.000	0.577	0.711
1677.000	0.592	0.721
1678.000	0.590	0.733
1679.000	0.592	0.739
1680.000	0.580	0.750
1681.000	0.601	0.756
1682.000	0.599	0.762
1683.000	0.610	0.771
1684.000	0.610	0.769
1685.000	0.612	0.768
1686.000	0.629	0.771
1687.000	0.624	0.766
1688.000	0.636	0.763
1689.000	0.643	0.751
1690.000	0.641	0.747
1691.000	0.650	0.740
1692.000	0.640	0.730
1693.000	0.665	0.723
1694.000	0.649	0.712
1695.000	0.655	0.697
1696.000	0.667	0.688
1697.000	0.668	0.678
1698.000	0.658	0.669
1699.000	0.655	0.658
1700.000	0.663	0.648
1701.000	0.650	0.638
1702.000	0.651	0.623
1703.000	0.660	0.615
1704.000	0.658	0.609
1705.000	0.650	0.599
1706.000	0.644	0.595
1707.000	0.641	0.582
1708.000	0.641	0.573
1709.000	0.648	0.565
1710.000	0.645	0.562
1711.000	0.639	0.555
1712.000	0.637	0.547
1713.000	0.641	0.548
1714.000	0.627	0.545
1715.000	0.643	0.545
1716.000	0.636	0.539
1717.000	0.627	0.541
1718.000	0.630	0.541
1719.000	0.636	0.536
1720.000	0.632	0.537
1721.000	0.622	0.535
1722.000	0.626	0.537
1723.000	0.614	0.537
1724.000	0.623	0.536
1725.000	0.626	0.538
1726.000	0.617	0.546
1727.000	0.609	0.545
1728.000	0.619	0.551
1729.000	0.612	0.555
1730.000	0.610	0.559
1731.000	0.613	0.568
1732.000	0.610	0.566
1733.000	0.612	0.579
1734.000	0.601	0.584
1735.000	0.603	0.582
1736.000	0.605	0.594
1737.000	0.612	0.596
1738.000	0.609	0.604
1739.000	0.606	0.601
1740.000	0.612	0.612
1741.000	0.619	0.619
1742.000	0.619	0.619
1743.000	0.624	0.620
1744.000	0.628	0.624
1745.000	0.639	0.631
1746.000	0.635	0.629
1747.000	0.626	0.628
1748.000	0.630	0.627
1749.000	0.633	0.622
1750.000	0.642	0.619
1751.000	0.645	0.616
1752.000	0.660	0.607
1753.000	0.643	0.605
1754.000	0.657	0.599
1755.000	0.651	0.590
1756.000	0.656	0.586
1757.000	0.660	0.578
1758.000	0.655	0.567
1759.000	0.656	0.560
1760.000	0.650	0.547
1761.000	0.655	0.544
1762.000	0.656	0.534
1763.000	0.668	0.526
1764.000	0.658	0.518
1765.000	0.666	0.512
1766.000	0.660	0.510
1767.000	0.652	0.501
1768.000	0.659	0.494
1769.000	0.660	0.487
1770.000	0.665	0.492
1771.000	0.675	0.493
1772.000	0.666	0.478
1773.000	0.664	0.488
1774.000	0.673	0.474
1775.000	0.682	0.476
1776.000	0.652	0.465
1777.000	0.655	0.461
1778.000	0.659	0.457
1779.000	0.647	0.455
1780.000	0.630	0.461
1781.000	0.651	0.459
1782.000	0.651	0.457
1783.000	0.641	0.459
1784.000	0.645	0.459
1785.000	0.638	0.460
1786.000	0.641	0.465
1787.000	0.643	0.465
1788.000	0.644	0.468
1789.000	0.638	0.473
1790.000	0.638	0.473
1791.000	0.639	0.479
1792.000	0.644	0.478
1793.000	0.653	0.479
1794.000	0.641	0.478
1795.000	0.639	0.482
1796.000	0.641	0.486
1797.000	0.643	0.487
1798.000	0.648	0.492
1799.000	0.650	0.486
1800.000	0.663	0.493
1801.000	0.653	0.487
1802.000	0.652	0.481
1803.000	0.655	0.477
1804.000	0.664	0.471
1805.000	0.654	0.471
1806.000	0.664	0.467
1807.000	0.660	0.457
1808.000	0.665	0.454
1809.000	0.669	0.447
1810.000	0.677	0.448
1811.000	0.665	0.434
1812.000	0.665	0.425
1813.000	0.665	0.422
1814.000	0.676	0.411
1815.000	0.666	0.407
1816.000	0.664	0.399
1817.000	0.663	0.393
1818.000	0.660	0.381
1819.000	0.665	0.383
1820.000	0.663	0.370
1821.000	0.653	0.366
1822.000	0.666	0.365
1823.000	0.678	0.361
1824.000	0.671	0.353
1825.000	0.674	0.356
1826.000	0.660	0.347
1827.000	0.666	0.342
1828.000	0.660	0.341
1829.000	0.667	0.337
1830.000	0.657	0.335
1831.000	0.672	0.334
1832.000	0.658	0.332
1833.000	0.666	0.329
1834.000	0.664	0.329
1835.000	0.664	0.324
1836.000	0.668	0.329
1837.000	0.662	0.335
1838.000	0.676	0.324
1839.000	0.668	0.321
1840.000	0.671	0.309
1841.000	0.667	0.302
1842.000	0.677	0.298
1843.000	0.666	0.294
1844.000	0.665	0.292
1845.000	0.670	0.289
1846.000	0.678	0.275
1847.000	0.680	0.272
1848.000	0.682	0.265
1849.000	0.677	0.256
1850.000	0.669	0.247
1851.000	0.685	0.261
1852.000	0.698	0.241
1853.000	0.683	0.229
1854.000	0.681	0.230
1855.000	0.688	0.211
1856.000	0.687	0.204
1857.000	0.677	0.197
1858.000	0.692	0.193
1859.000	0.683	0.184
1860.000	0.683	0.180
1861.000	0.687	0.174
1862.000	0.678	0.165
1863.000	0.676	0.162
1864.000	0.674	0.152
1865.000	0.685	0.148
1866.000	0.685	0.144
1867.000	0.684	0.138
1868.000	0.689	0.138
1869.000	0.691	0.128
1870.000	0.691	0.124
1871.000	0.688	0.120
1872.000	0.683	0.110
1873.000	0.689	0.104
1874.000	0.689	0.104
1875.000	0.689	0.099
1876.000	0.687	0.094
1877.000	0.683	0.088
1878.000	0.686	0.087
1879.000	0.674	0.079
1880.000	0.699	0.081
1881.000	0.684	0.071
1882.000	0.688	0.074
1883.000	0.684	0.064
1884.000	0.690	0.066
1885.000	0.688	0.058
1886.000	0.680	0.057
1887.000	0.683	0.053
1888.000	0.688	0.061
1889.000	0.689	0.047
1890.000	0.688	0.050
1891.000	0.688	0.047
1892.000	0.671	0.047
1893.000	0.681	0.049
1894.000	0.679	0.044
1895.000	0.682	0.041
1896.000	0.686	0.044
1897.000	0.684	0.041
1898.000	0.684	0.039
1899.000	0.687	0.038
1900.000	0.688	0.037
1901.000	0.683	0.043
1902.000	0.686	0.036
1903.000	0.689	0.035
1904.000	0.676	0.037
1905.000	0.689	0.035
1906.000	0.684	0.034
1907.000	0.689	0.035
1908.000	0.675	0.036
1909.000	0.682	0.035
1910.000	0.706	0.035
1911.000	0.684	0.036
1912.000	0.695	0.043
1913.000	0.682	0.036
1914.000	0.688	0.066
1915.000	0.677	0.042
1916.000	0.685	0.034
1917.000	0.683	0.033
1918.000	0.674	0.032
1919.000	0.678	0.034
1920.000	0.678	0.030
1921.000	0.682	0.032
1922.000	0.677	0.036
1923.000	0.684	0.035
1924.000	0.684	0.032
1925.000	0.671	0.034
1926.000	0.681	0.033
1927.000	0.685	0.032
1928.000	0.684	0.034
1929.000	0.678	0.034
1930.000	0.688	0.035
1931.000	0.681	0.032
1932.000	0.681	0.030
1933.000	0.679	0.032
1934.000	0.700	0.044
1935.000	0.688	0.035
1936.000	0.708	0.038
1937.000	0.709	0.047
1938.000	0.687	0.047
1939.000	0.680	0.040
1940.000	0.681	0.040
1941.000	0.678	0.037
1942.000	0.681	0.036
1943.000	0.678	0.035
1944.000	0.685	0.036
1945.000	0.680	0.034
1946.000	0.681	0.033
1947.000	0.685	0.034
1948.000	0.686	0.034
1949.000	0.680	0.032
1950.000	0.682	0.034
1951.000	0.686	0.033
1952.000	0.686	0.036
1953.000	0.674	0.033
1954.000	0.682	0.037
1955.000	0.683	0.039
1956.000	0.687	0.036
1957.000	0.686	0.035
1958.000	0.687	0.035
1959.000	0.685	0.036
1960.000	0.696	0.039
1961.000	0.688	0.036
1962.000	0.685	0.034
1963.000	0.686	0.039
1964.000	0.684	0.034
1965.000	0.686	0.035
1966.000	0.707	0.046
1967.000	0.690	0.045
1968.000	0.697	0.044
1969.000	0.745	0.045
1970.000	0.696	0.049
1971.000	0.683	0.034
1972.000	0.695	0.034
1973.000	0.702	0.037
1974.000	0.687	0.032
1975.000	0.687	0.036
1976.000	0.689	0.032
1977.000	0.687	0.032
1978.000	0.682	0.028
1979.000	0.680	0.028
1980.000	0.687	0.030
1981.000	0.685	0.031
1982.000	0.684	0.034
1983.000	0.682	0.032
1984.000	0.690	0.028
1985.000	0.685	0.032
1986.000	0.685	0.032
1987.000	0.688	0.029
1988.000	0.686	0.031
1989.000	0.685	0.031
1990.000	0.688	0.035
1991.000	0.693	0.038
1992.000	0.690	0.049
1993.000	0.688	0.036
1994.000	0.697	0.050
1995.000	0.693	0.037
1996.000	0.688	0.034
1997.000	0.691	0.030
1998.000	0.692	0.034
1999.000	0.688	0.032
2000.000	0.692	0.031
2001.000	0.674	0.034
2002.000	0.700	0.031
2003.000	0.697	0.043
2004.000	0.708	0.045
2005.000	0.712	0.045
2006.000	0.689	0.033
2007.000	0.691	0.032
2008.000	0.700	0.032
2009.000	0.687	0.039
2010.000	0.688	0.035
2011.000	0.694	0.031
2012.000	0.694	0.033
2013.000	0.688	0.029
2014.000	0.697	0.033
2015.000	0.692	0.032
2016.000	0.696	0.029
2017.000	0.696	0.035
2018.000	0.696	0.032
2019.000	0.700	0.034
2020.000	0.699	0.034
2021.000	0.710	0.032
2022.000	0.695	0.031
2023.000	0.701	0.034
2024.000	0.697	0.031
2025.000	0.700	0.034
2026.000	0.692	0.031
2027.000	0.702	0.034
2028.000	0.701	0.034
2029.000	0.690	0.032
2030.000	0.703	0.031
2031.000	0.694	0.032
2032.000	0.697	0.034
2033.000	0.702	0.031
2034.000	0.705	0.033
2035.000	0.707	0.031
2036.000	0.713	0.034
2037.000	0.707	0.034
2038.000	0.700	0.030
2039.000	0.678	0.031
2040.000	0.707	0.033
2041.000	0.707	0.037
2042.000	0.710	0.028
2043.000	0.701	0.032
2044.000	0.707	0.030
2045.000	0.701	0.032
2046.000	0.720	0.032
2047.000	0.698	0.030
2048.000	0.707	0.029
2049.000	0.707	0.033
2050.000	0.706	0.032
2051.000	0.697	0.028
2052.000	0.707	0.033
2053.000	0.707	0.034
2054.000	0.707	0.030
2055.000	0.710	0.036
2056.000	0.711	0.030
2057.000	0.717	0.034
2058.000	0.704	0.031
2059.000	0.702	0.032
2060.000	0.706	0.038
2061.000	0.705	0.046
2062.000	0.729	0.037
2063.000	0.725	0.031
2064.000	0.718	0.030
2065.000	0.717	0.033
2066.000	0.730	0.031
2067.000	0.714	0.032
2068.000	0.717	0.032
2069.000	0.713	0.035
2070.000	0.713	0.030
2071.000	0.720	0.035
2072.000	0.729	0.034
2073.000	0.715	0.036
2074.000	0.732	0.036
2075.000	0.721	0.032
2076.000	0.725	0.034
2077.000	0.704	0.033
2078.000	0.714	0.030
2079.000	0.707	0.031
2080.000	0.726	0.035
2081.000	0.726	0.030
2082.000	0.728	0.031
2083.000	0.723	0.030
2084.000	0.726	0.030
2085.000	0.721	0.029
2086.000	0.732	0.033
2087.000	0.720	0.029
2088.000	0.717	0.030
2089.000	0.738	0.052
2090.000	0.736	0.054
2091.000	0.728	0.039
2092.000	0.727	0.033
2093.000	0.726	0.036
2094.000	0.727	0.035
2095.000	0.727	0.032
2096.000	0.730	0.037
2097.000	0.734	0.027
2098.000	0.742	0.034
2099.000	0.729	0.034
2100.000	0.719	0.030
2101.000	0.733	0.033
2102.000	0.756	0.034
2103.000	0.755	0.031
2104.000	0.727	0.036
2105.000	0.750	0.033
2106.000	0.740	0.033
2107.000	0.733	0.030
2108.000	0.736	0.033
2109.000	0.744	0.030
2110.000	0.744	0.036
2111.000	0.742	0.028
2112.000	0.732	0.031
2113.000	0.732	0.029
2114.000	0.736	0.035
2115.000	0.734	0.032
2116.000	0.727	0.029
2117.000	0.736	0.035
2118.000	0.741	0.032
2119.000	0.747	0.027
2120.000	0.752	0.031
2121.000	0.747	0.034
2122.000	0.740	0.030
2123.000	0.743	0.030
2124.000	0.742	0.034
2125.000	0.750	0.036
2126.000	0.744	0.034
2127.000	0.740	0.032
2128.000	0.739	0.031
2129.000	0.745	0.034
2130.000	0.745	0.034
2131.000	0.743	0.028
2132.000	0.750	0.033
2133.000	0.747	0.033
2134.000	0.745	0.030
2135.000	0.756	0.031
2136.000	0.746	0.030
2137.000	0.749	0.032
2138.000	0.752	0.034
2139.000	0.759	0.034
2140.000	0.744	0.035
2141.000	0.753	0.029
2142.000	0.757	0.032
2143.000	0.754	0.034
2144.000	0.757	0.031
2145.000	0.760	0.032
2146.000	0.768	0.033
2147.000	0.768	0.038
2148.000	0.752	0.030
2149.000	0.759	0.037
2150.000	0.752	0.034
2151.000	0.770	0.033
2152.000	0.746	0.039
2153.000	0.742	0.032
2154.000	0.772	0.032
2155.000	0.749	0.032
2156.000	0.771	0.034
2157.000	0.767	0.034
2158.000	0.766	0.029
2159.000	0.769	0.032
2160.000	0.768	0.030
2161.000	0.766	0.030
2162.000	0.772	0.033
2163.000	0.766	0.033
2164.000	0.773	0.034
2165.000	0.768	0.033
2166.000	0.775	0.027
2167.000	0.778	0.030
2168.000	0.785	0.030
2169.000	0.774	0.035
2170.000	0.770	0.031
2171.000	0.779	0.032
2172.000	0.776	0.036
2173.000	0.782	0.031
2174.000	0.778	0.031
2175.000	0.772	0.033
2176.000	0.776	0.029
2177.000	0.781	0.029
2178.000	0.781	0.034
2179.000	0.792	0.031
2180.000	0.785	0.027
2181.000	0.781	0.032
2182.000	0.789	0.032
2183.000	0.793	0.029
2184.000	0.796	0.029
2185.000	0.786	0.035
2186.000	0.787	0.033
2187.000	0.797	0.033
2188.000	0.783	0.030
2189.000	0.794	0.030
2190.000	0.795	0.029
2191.000	0.792	0.031
2192.000	0.798	0.032
2193.000	0.795	0.029
2194.000	0.804	0.057
2195.000	0.812	0.061
2196.000	0.821	0.045
2197.000	0.804	0.046
2198.000	0.805	0.062
2199.000	0.801	0.036
2200.000	0.797	0.041
2201.000	0.801	0.030
2202.000	0.797	0.033
2203.000	0.805	0.029
2204.000	0.801	0.031
2205.000	0.798	0.031
2206.000	0.812	0.030
2207.000	0.806	0.029
2208.000	0.810	0.029
2209.000	0.816	0.028
2210.000	0.807	0.031
2211.000	0.809	0.031
2212.000	0.819	0.030
2213.000	0.812	0.031
2214.000	0.816	0.031
2215.000	0.820	0.030
2216.000	0.806	0.033
2217.000	0.825	0.031
2218.000	0.819	0.031
2219.000	0.821	0.030
2220.000	0.812	0.030
2221.000	0.816	0.030
2222.000	0.829	0.031
2223.000	0.824	0.027
2224.000	0.830	0.031
2225.000	0.821	0.027
2226.000	0.828	0.030
2227.000	0.821	0.031
2228.000	0.830	0.031
2229.000	0.831	0.032
2230.000	0.838	0.033
2231.000	0.845	0.034
2232.000	0.842	0.033
2233.000	0.838	0.032
2234.000	0.837	0.029
2235.000	0.836	0.031
2236.000	0.838	0.030
2237.000	0.830	0.030
2238.000	0.832	0.035
2239.000	0.832	0.031
2240.000	0.842	0.028
2241.000	0.844	0.029
2242.000	0.832	0.030
2243.000	0.841	0.029
2244.000	0.852	0.028
2245.000	0.842	0.031
2246.000	0.837	0.027
2247.000	0.844	0.031
2248.000	0.845	0.031
2249.000	0.836	0.028
2250.000	0.850	0.055
2251.000	0.859	0.037
2252.000	0.855	0.031
2253.000	0.855	0.034
2254.000	0.861	0.042
2255.000	0.861	0.034
2256.000	0.854	0.031
2257.000	0.854	0.029
2258.000	0.851	0.034
2259.000	0.849	0.029
2260.000	0.860	0.028
2261.000	0.848	0.032
2262.000	0.860	0.032
2263.000	0.864	0.032
2264.000	0.863	0.030
2265.000	0.856	0.028
2266.000	0.859	0.033
2267.000	0.910	0.068
2268.000	0.998	0.239
2269.000	0.888	0.059
2270.000	0.892	0.060
2271.000	0.891	0.061
2272.000	0.892	0.048
2273.000	0.880	0.044
2274.000	0.871	0.035
2275.000	0.887	0.030
2276.000	0.877	0.048
2277.000	0.879	0.034
2278.000	0.890	0.036
2279.000	0.878	0.030
2280.000	0.877	0.029
2281.000	0.885	0.028
2282.000	0.888	0.026
2283.000	0.889	0.078
2284.000	0.884	0.076
2285.000	0.894	0.067
2286.000	0.894	0.069
2287.000	0.889	0.051
2288.000	0.899	0.033
2289.000	0.904	0.047
2290.000	0.888	0.031
2291.000	0.887	0.027
2292.000	0.891	0.033
2293.000	0.893	0.035
2294.000	0.896	0.036
2295.000	0.905	0.030
2296.000	0.921	0.030
2297.000	0.896	0.033
2298.000	0.909	0.030
2299.000	0.899	0.031
2300.000	0.906	0.037
2301.000	0.916	0.030
2302.000	0.914	0.031
2303.000	0.909	0.032
2304.000	0.912	0.030
2305.000	0.913	0.027
2306.000	0.926	0.027
2307.000	0.916	0.029
2308.000	0.915	0.031
2309.000	0.912	0.030
2310.000	0.922	0.029
2311.000	0.926	0.028
2312.000	0.920	0.030
2313.000	0.930	0.029
2314.000	0.926	0.032
2315.000	0.928	0.029
2316.000	0.925	0.030
2317.000	0.952	0.031
2318.000	0.934	0.040
2319.000	0.933	0.047
2320.000	0.948	0.101
2321.000	0.935	0.033
2322.000	0.953	0.065
2323.000	0.937	0.071
2324.000	0.964	0.076
2325.000	0.940	0.034
2326.000	0.953	0.034
2327.000	0.944	0.028
2328.000	0.955	0.041
2329.000	0.949	0.032
2330.000	0.952	0.034
2331.000	0.954	0.040
2332.000	0.952	0.027
2333.000	0.962	0.033
2334.000	0.965	0.028
2335.000	0.954	0.029
2336.000	0.960	0.029
2337.000	0.966	0.031
2338.000	0.969	0.034
2339.000	0.980	0.031
2340.000	0.970	0.029
2341.000	0.975	0.033
2342.000	0.987	0.030
2343.000	0.977	0.034
2344.000	0.989	0.035
2345.000	0.984	0.035
2346.000	0.989	0.034
2347.000	0.983	0.035
2348.000	0.976	0.035
2349.000	0.990	0.033
2350.000	0.985	0.031
2351.000	0.994	0.033
2352.000	1.004	0.030
2353.000	0.993	0.029
2354.000	0.997	0.032
2355.000	0.994	0.029
2356.000	0.999	0.033
2357.000	0.996	0.034
2358.000	1.003	0.036
2359.000	1.015	0.033
2360.000	1.005	0.030
2361.000	1.018	0.033
2362.000	1.011	0.035
2363.000	1.008	0.029
2364.000	1.028	0.032
2365.000	1.013	0.036
2366.000	1.029	0.031
2367.000	1.019	0.028
2368.000	1.023	0.030
2369.000	1.027	0.027
2370.000	1.027	0.034
2371.000	1.042	0.030
2372.000	1.039	0.032
2373.000	1.038	0.032
2374.000	1.036	0.029
2375.000	1.042	0.034
2376.000	1.052	0.031
2377.000	1.048	0.032
2378.000	1.063	0.034
2379.000	1.054	0.036
2380.000	1.055	0.032
2381.000	1.062	0.034
2382.000	1.050	0.033
2383.000	1.077	0.032
2384.000	1.062	0.035
2385.000	1.080	0.052
2386.000	1.070	0.044
2387.000	1.079	0.045
2388.000	1.068	0.033
2389.000	1.099	0.041
2390.000	1.083	0.032
2391.000	1.087	0.032
2392.000	1.091	0.032
2393.000	1.083	0.040
2394.000	1.101	0.034
2395.000	1.094	0.031
2396.000	1.096	0.032
2397.000	1.109	0.108
2398.000	1.113	0.080
2399.000	1.101	0.031
2400.000	1.101	0.032
2401.000	1.114	0.043
2402.000	1.107	0.030
2403.000	1.119	0.031
2404.000	1.148	0.029
2405.000	1.116	0.029
2406.000	1.136	0.036
2407.000	1.134	0.036
2408.000	1.137	0.031
2409.000	1.137	0.033
2410.000	1.145	0.033
2411.000	1.151	0.027
2412.000	1.155	0.033
2413.000	1.151	0.034
2414.000	1.149	0.034
2415.000	1.159	0.034
2416.000	1.155	0.034
2417.000	1.166	0.034
2418.000	1.172	0.027
2419.000	1.179	0.034
2420.000	1.195	0.215
2421.000	1.212	0.600
2422.000	1.190	0.039
2423.000	1.194	0.042
2424.000	1.196	0.042
2425.000	1.202	0.033
2426.000	1.192	0.033
2427.000	1.200	0.029
2428.000	1.207	0.031
2429.000	1.202	0.031
2430.000	1.217	0.029
2431.000	1.228	0.031
2432.000	1.224	0.035
2433.000	1.225	0.039
2434.000	1.238	0.037
2435.000	1.237	0.031
2436.000	1.249	0.029
2437.000	1.246	0.031
2438.000	1.256	0.029
2439.000	1.246	0.040
2440.000	1.254	0.035
2441.000	1.260	0.029
2442.000	1.267	0.034
2443.000	1.263	0.033
2444.000	1.272	0.029
2445.000	1.275	0.033
2446.000	1.280	0.032
2447.000	1.293	0.034
2448.000	1.290	0.044
2449.000	1.295	0.040
2450.000	1.317	0.042
2451.000	1.311	0.055
2452.000	1.307	0.040
2453.000	1.321	0.035
2454.000	1.330	0.039
2455.000	1.316	0.031
2456.000	1.322	0.039
2457.000	1.333	0.066
2458.000	1.347	0.035
2459.000	1.341	0.039
2460.000	1.362	0.047
2461.000	1.368	0.045
2462.000	1.357	0.048
2463.000	1.372	0.035
2464.000	1.369	0.033
2465.000	1.380	0.036
2466.000	1.374	0.030
2467.000	1.383	0.036
2468.000	1.380	0.034
2469.000	1.401	0.036
2470.000	1.410	0.031
2471.000	1.416	0.035
2472.000	1.409	0.033
2473.000	1.423	0.045
2474.000	1.421	0.033
2475.000	1.420	0.037
2476.000	1.429	0.037
2477.000	1.427	0.034
2478.000	1.431	0.040
2479.000	1.444	0.085
2480.000	1.446	0.041
2481.000	1.436	0.038
2482.000	1.437	0.041
2483.000	1.450	0.038
2484.000	1.445	0.041
2485.000	1.440	0.047
2486.000	1.444	0.053
2487.000	1.453	0.046
2488.000	1.452	0.043
2489.000	1.452	0.046
2490.000	1.450	0.049
2491.000	1.450	0.045
2492.000	1.446	0.049
2493.000	1.424	0.047
2494.000	1.434	0.056
2495.000	1.437	0.056
2496.000	1.434	0.057
2497.000	1.426	0.059
2498.000	1.409	0.064
2499.000	1.404	0.063
2500.000	1.380	0.070
2501.000	1.385	0.072
2502.000	1.373	0.075
2503.000	1.361	0.074
2504.000	1.355	0.077
2505.000	1.330	0.079
2506.000	1.317	0.084
2507.000	1.318	0.091
2508.000	1.293	0.099
2509.000	1.270	0.100
2510.000	1.260	0.108
2511.000	1.235	0.107
2512.000	1.222	0.107
2513.000	1.212	0.115
2514.000	1.189	0.127
2515.000	1.175	0.127
2516.000	1.150	0.132
2517.000	1.133	0.137
2518.000	1.130	0.149
2519.000	1.109	0.151
2520.000	1.088	0.169
2521.000	1.079	0.160
2522.000	1.068	0.165
2523.000	1.060	0.168
2524.000	1.038	0.176
2525.000	1.025	0.185
2526.000	1.033	0.203
2527.000	1.023	0.213
2528.000	1.002	0.216
2529.000	0.997	0.205
2530.000	0.983	0.212
2531.000	0.970	0.223
2532.000	0.956	0.222
2533.000	0.949	0.228
2534.000	0.945	0.230
2535.000	0.932	0.237
2536.000	0.927	0.240
2537.000	0.918	0.252
2538.000	0.918	0.252
2539.000	0.907	0.264
2540.000	0.904	0.292
2541.000	0.902	0.266
2542.000	0.895	0.270
2543.000	0.905	0.279
2544.000	0.897	0.288
2545.000	0.897	0.287
2546.000	0.898	0.290
2547.000	0.900	0.298
2548.000	0.900	0.300
2549.000	0.905	0.304
2550.000	0.916	0.313
2551.000	0.914	0.318
2552.000	0.926	0.336
2553.000	0.939	0.357
2554.000	0.946	0.336
2555.000	0.950	0.337
2556.000	0.951	0.344
2557.000	0.951	0.352
2558.000	0.958	0.362
2559.000	0.973	0.400
2560.000	0.992	0.401
2561.000	0.967	0.380
2562.000	0.965	0.387
2563.000	0.987	0.397
2564.000	0.976	0.397
2565.000	0.986	0.409
2566.000	0.982	0.413
2567.000	0.974	0.420
2568.000	0.972	0.429
2569.000	0.982	0.430
2570.000	0.981	0.435
2571.000	0.969	0.441
2572.000	0.982	0.446
2573.000	0.980	0.458
2574.000	0.971	0.461
2575.000	0.952	0.462
2576.000	0.944	0.464
2577.000	0.941	0.469
2578.000	0.931	0.487
2579.000	0.940	0.474
2580.000	0.941	0.470
2581.000	0.929	0.476
2582.000	0.929	0.481
2583.000	0.921	0.482
2584.000	0.930	0.482
2585.000	0.923	0.487
2586.000	0.930	0.486
2587.000	0.935	0.487
2588.000	0.932	0.489
2589.000	0.926	0.495
2590.000	0.942	0.492
2591.000	0.936	0.493
2592.000	0.943	0.497
2593.000	0.953	0.498
2594.000	0.971	0.504
2595.000	0.965	0.508
2596.000	0.974	0.506
2597.000	0.977	0.510
2598.000	0.984	0.514
2599.000	0.995	0.516
2600.000	1.004	0.524
2601.000	1.011	0.526
2602.000	1.021	0.532
2603.000	1.022	0.540
2604.000	1.024	0.541
2605.000	1.037	0.549
2606.000	1.045	0.556
2607.000	1.054	0.560
2608.000	1.061	0.563
2609.000	1.064	0.576
2610.000	1.059	0.572
2611.000	1.071	0.578
2612.000	1.065	0.584
2613.000	1.059	0.588
2614.000	1.056	0.596
2615.000	1.065	0.598
2616.000	1.055	0.600
2617.000	1.050	0.606
2618.000	1.036	0.607
2619.000	1.025	0.610
2620.000	1.022	0.618
2621.000	1.019	0.614
2622.000	1.002	0.618
2623.000	0.990	0.616
2624.000	0.997	0.650
2625.000	1.010	0.654
2626.000	0.982	0.622
2627.000	0.951	0.613
2628.000	0.946	0.612
2629.000	0.922	0.613
2630.000	0.924	0.617
2631.000	0.922	0.619
2632.000	0.910	0.611
2633.000	0.899	0.597
2634.000	0.896	0.595
2635.000	0.873	0.588
2636.000	0.878	0.586
2637.000	0.916	0.584
2638.000	0.881	0.585
2639.000	0.892	0.581
2640.000	0.881	0.575
2641.000	0.893	0.574
2642.000	0.888	0.573
2643.000	0.886	0.568
2644.000	0.897	0.568
2645.000	0.895	0.561
2646.000	0.902	0.567
2647.000	0.912	0.561
2648.000	0.919	0.560
2649.000	0.925	0.562
2650.000	0.932	0.562
2651.000	0.958	0.566
2652.000	0.969	0.572
2653.000	0.969	0.568
2654.000	0.981	0.565
2655.000	0.980	0.568
2656.000	0.995	0.574
2657.000	1.005	0.571
2658.000	1.005	0.574
2659.000	1.017	0.578
2660.000	1.034	0.586
2661.000	1.039	0.581
2662.000	1.041	0.591
2663.000	1.061	0.590
2664.000	1.059	0.593
2665.000	1.065	0.601
2666.000	1.070	0.600
2667.000	1.077	0.611
2668.000	1.075	0.608
2669.000	1.072	0.612
2670.000	1.080	0.612
2671.000	1.070	0.629
2672.000	1.066	0.621
2673.000	1.086	0.628
2674.000	1.072	0.624
2675.000	1.058	0.627
2676.000	1.057	0.637
2677.000	1.052	0.632
2678.000	1.048	0.631
2679.000	1.046	0.634
2680.000	1.035	0.646
2681.000	1.017	0.638
2682.000	1.023	0.631
2683.000	1.016	0.635
2684.000	1.021	0.638
2685.000	0.998	0.629
2686.000	0.986	0.625
2687.000	0.976	0.622
2688.000	0.968	0.625
2689.000	0.962	0.615
2690.000	0.953	0.616
2691.000	0.954	0.616
2692.000	0.957	0.610
2693.000	0.950	0.607
2694.000	0.937	0.606
2695.000	0.938	0.608
2696.000	0.943	0.601
2697.000	0.929	0.636
2698.000	0.936	0.598
2699.000	0.941	0.593
2700.000	0.941	0.590
2701.000	0.954	0.592
2702.000	0.952	0.586
2703.000	0.965	0.587
2704.000	0.970	0.585
2705.000	0.966	0.587
2706.000	0.976	0.587
2707.000	0.985	0.588
2708.000	0.996	0.587
2709.000	1.001	0.583
2710.000	1.010	0.587
2711.000	1.034	0.589
2712.000	1.042	0.590
2713.000	1.038	0.593
2714.000	1.065	0.595
2715.000	1.061	0.604
2716.000	1.096	0.598
2717.000	1.095	0.607
2718.000	1.107	0.605
2719.000	1.118	0.609
2720.000	1.123	0.616
2721.000	1.146	0.622
2722.000	1.152	0.619
2723.000	1.167	0.629
2724.000	1.165	0.634
2725.000	1.178	0.642
2726.000	1.189	0.640
2727.000	1.184	0.646
2728.000	1.197	0.653
2729.000	1.199	0.658
2730.000	1.205	0.662
2731.000	1.203	0.665
2732.000	1.210	0.671
2733.000	1.214	0.677
2734.000	1.214	0.678
2735.000	1.208	0.680
2736.000	1.215	0.683
2737.000	1.206	0.683
2738.000	1.184	0.684
2739.000	1.189	0.687
2740.000	1.181	0.690
2741.000	1.169	0.690
2742.000	1.156	0.685
2743.000	1.139	0.682
2744.000	1.133	0.684
2745.000	1.113	0.689
2746.000	1.118	0.683
2747.000	1.085	0.678
2748.000	1.081	0.669
2749.000	1.060	0.668
2750.000	1.052	0.662
2751.000	1.040	0.655
2752.000	1.032	0.661
2753.000	1.021	0.654
2754.000	1.021	0.644
2755.000	1.010	0.647
2756.000	1.008	0.638
2757.000	0.985	0.627
2758.000	0.989	0.621
2759.000	1.001	0.624
2760.000	1.003	0.617
2761.000	1.000	0.608
2762.000	0.994	0.603
2763.000	0.994	0.602
2764.000	0.995	0.604
2765.000	1.004	0.595
2766.000	1.012	0.595
2767.000	1.027	0.594
2768.000	1.015	0.586
2769.000	1.039	0.593
2770.000	1.049	0.587
2771.000	1.058	0.591
2772.000	1.052	0.588
2773.000	1.083	0.588
2774.000	1.092	0.586
2775.000	1.100	0.592
2776.000	1.110	0.589
2777.000	1.133	0.587
2778.000	1.137	0.592
2779.000	1.157	0.599
2780.000	1.161	0.601
2781.000	1.167	0.604
2782.000	1.183	0.606
2783.000	1.188	0.606
2784.000	1.215	0.610
2785.000	1.214	0.618
2786.000	1.233	0.613
2787.000	1.243	0.622
2788.000	1.262	0.625
2789.000	1.268	0.629
2790.000	1.266	0.635
2791.000	1.268	0.637
2792.000	1.279	0.644
2793.000	1.289	0.644
2794.000	1.282	0.652
2795.000	1.296	0.653
2796.000	1.300	0.658
2797.000	1.290	0.658
2798.000	1.298	0.666
2799.000	1.286	0.675
2800.000	1.282	0.668
2801.000	1.265	0.667
2802.000	1.262	0.668
2803.000	1.251	0.672
2804.000	1.238	0.668
2805.000	1.218	0.665
2806.000	1.207	0.663
2807.000	1.194	0.664
2808.000	1.174	0.661
2809.000	1.160	0.655
2810.000	1.129	0.655
2811.000	1.119	0.649
2812.000	1.108	0.640
2813.000	1.088	0.634
2814.000	1.071	0.632
2815.000	1.055	0.625
2816.000	1.031	0.625
2817.000	1.030	0.614
2818.000	1.007	0.610
2819.000	1.005	0.612
2820.000	0.990	0.598
2821.000	0.985	0.589
2822.000	0.990	0.592
2823.000	0.968	0.581
2824.000	0.981	0.579
2825.000	0.978	0.571
2826.000	0.967	0.571
2827.000	0.973	0.567
2828.000	0.978	0.555
2829.000	0.989	0.557
2830.000	0.985	0.554
2831.000	0.999	0.547
2832.000	1.007	0.555
2833.000	1.007	0.548
2834.000	1.025	0.548
2835.000	1.029	0.542
2836.000	1.045	0.543
2837.000	1.062	0.541
2838.000	1.078	0.542
2839.000	1.086	0.539
2840.000	1.101	0.538
2841.000	1.122	0.543
2842.000	1.145	0.542
2843.000	1.151	0.542
2844.000	1.168	0.542
2845.000	1.177	0.545
2846.000	1.187	0.544
2847.000	1.205	0.551
2848.000	1.228	0.551
2849.000	1.237	0.557
2850.000	1.253	0.554
2851.000	1.263	0.559
2852.000	1.272	0.555
2853.000	1.285	0.560
2854.000	1.293	0.566
2855.000	1.311	0.560
2856.000	1.319	0.561
2857.000	1.298	0.566
2858.000	1.320	0.565
2859.000	1.323	0.574
2860.000	1.316	0.572
2861.000	1.314	0.565
2862.000	1.332	0.569
2863.000	1.327	0.567
2864.000	1.304	0.565
2865.000	1.318	0.564
2866.000	1.298	0.566
2867.000	1.279	0.563
2868.000	1.276	0.561
2869.000	1.262	0.556
2870.000	1.243	0.561
2871.000	1.242	0.555
2872.000	1.223	0.554
2873.000	1.223	0.546
2874.000	1.204	0.542
2875.000	1.185	0.540
2876.000	1.181	0.534
2877.000	1.171	0.529
2878.000	1.140	0.532
2879.000	1.128	0.526
2880.000	1.120	0.522
2881.000	1.110	0.518
2882.000	1.096	0.510
2883.000	1.104	0.511
2884.000	1.110	0.505
2885.000	1.086	0.506
2886.000	1.088	0.501
2887.000	1.086	0.493
2888.000	1.080	0.496
2889.000	1.099	0.491
2890.000	1.105	0.491
2891.000	1.097	0.482
2892.000	1.115	0.484
2893.000	1.120	0.500
2894.000	1.120	0.481
2895.000	1.134	0.481
2896.000	1.152	0.482
2897.000	1.166	0.482
2898.000	1.172	0.480
2899.000	1.203	0.480
2900.000	1.210	0.481
2901.000	1.229	0.483
2902.000	1.247	0.483
2903.000	1.256	0.479
2904.000	1.284	0.484
2905.000	1.295	0.483
2906.000	1.304	0.484
2907.000	1.319	0.483
2908.000	1.340	0.485
2909.000	1.359	0.484
2910.000	1.374	0.491
2911.000	1.378	0.492
2912.000	1.396	0.493
2913.000	1.407	0.492
2914.000	1.435	0.495
2915.000	1.442	0.492
2916.000	1.448	0.495
2917.000	1.466	0.496
2918.000	1.452	0.494
2919.000	1.449	0.496
2920.000	1.465	0.495
2921.000	1.465	0.493
2922.000	1.464	0.493
2923.000	1.455	0.494
2924.000	1.443	0.493
2925.000	1.449	0.489
2926.000	1.434	0.491
2927.000	1.414	0.480
2928.000	1.396	0.480
2929.000	1.395	0.475
2930.000	1.389	0.472
2931.000	1.364	0.466
2932.000	1.343	0.459
2933.000	1.337	0.460
2934.000	1.315	0.456
2935.000	1.318	0.454
2936.000	1.296	0.450
2937.000	1.280	0.439
2938.000	1.269	0.437
2939.000	1.260	0.433
2940.000	1.267	0.431
2941.000	1.247	0.426
2942.000	1.239	0.418
2943.000	1.242	0.421
2944.000	1.238	0.415
2945.000	1.239	0.407
2946.000	1.232	0.404
2947.000	1.261	0.402
2948.000	1.254	0.400
2949.000	1.267	0.395
2950.000	1.284	0.395
2951.000	1.290	0.390
2952.000	1.295	0.385
2953.000	1.322	0.386
2954.000	1.345	0.389
2955.000	1.357	0.383
2956.000	1.371	0.380
2957.000	1.383	0.377
2958.000	1.402	0.378
2959.000	1.419	0.375
2960.000	1.443	0.377
2961.000	1.459	0.369
2962.000	1.479	0.368
2963.000	1.484	0.369
2964.000	1.514	0.366
2965.000	1.526	0.364
2966.000	1.532	0.363
2967.000	1.556	0.359
2968.000	1.558	0.357
2969.000	1.575	0.353
2970.000	1.574	0.348
2971.000	1.565	0.351
2972.000	1.588	0.343
2973.000	1.595	0.342
2974.000	1.580	0.344
2975.000	1.569	0.336
2976.000	1.571	0.341
2977.000	1.566	0.325
2978.000	1.558	0.322
2979.000	1.558	0.320
2980.000	1.548	0.319
2981.000	1.538	0.306
2982.000	1.520	0.305
2983.000	1.514	0.305
2984.000	1.494	0.298
2985.000	1.492	0.293
2986.000	1.487	0.293
2987.000	1.474	0.286
2988.000	1.469	0.277
2989.000	1.457	0.276
2990.000	1.448	0.271
2991.000	1.439	0.266
2992.000	1.449	0.267
2993.000	1.448	0.256
2994.000	1.447	0.253
2995.000	1.445	0.245
2996.000	1.446	0.243
2997.000	1.466	0.246
2998.000	1.458	0.235
2999.000	0.125	0.031
