x	y	rent
1.15096	6.58327	1851.96892
-4.31945	5.93869	729.08252
-1.07816	2.01874	797.46260
5.08562	5.10948	8385.26297
-3.78384	3.14318	741.21789
-8.23349	-8.60541	747.55356
8.51618	-3.63605	724.17330
8.45436	-0.28668	732.34243
0.95283	2.79526	748.40922
-2.98849	-3.27581	723.11054
5.54351	0.47720	739.79580
4.77664	7.65027	804.48834
-4.67292	-2.12609	751.08513
1.88688	-7.48456	921.97120
-6.39143	5.98835	792.76168
-9.53000	6.95729	796.77950
0.48148	6.40783	1310.28002
0.97296	-9.54064	918.12250
-2.49624	-6.96912	796.71610
-5.69804	7.79460	801.68433
4.61077	7.62111	788.06993
5.61737	-0.56445	721.49220
1.01373	0.57761	858.73619
-9.14858	-7.58757	1528.47897
-2.51847	5.84438	793.57890
9.33374	-2.06454	749.75783
-8.46581	0.60774	1276.16906
2.78802	-9.58674	746.56126
1.43211	-3.58801	845.25224
-7.79532	-9.56422	725.35430
5.91397	-2.29421	754.99448
9.85215	5.23193	763.87613
0.05947	2.00115	758.67332
0.05074	5.61274	1601.72759
8.16508	6.74205	682.74134
-5.90411	-4.99950	748.37482
-9.45087	9.13998	760.53108
8.21212	6.84581	731.98927
3.86726	4.18690	830.12735
1.35001	-5.83287	930.44292
-5.73589	6.84177	767.57742
6.57936	9.84293	743.58398
9.00912	-1.75380	721.62887
-8.08996	-1.76344	750.38409
4.06766	3.69750	819.31229
3.69787	-0.60917	720.60911
3.38145	8.64154	719.22804
-3.19387	0.86772	811.30846
2.25644	2.11877	775.42785
5.05164	8.83688	772.66810
1.83128	9.49431	759.51560
4.43906	-1.08366	793.62094
-5.87165	8.17730	716.79491
-4.03404	-4.67471	831.15300
-1.47369	-5.96939	878.15447
9.89462	7.01070	754.11398
4.47530	-5.94631	1049.98659
-2.54292	-2.13098	789.72484
-3.62187	1.41471	808.92095
6.12249	-9.78268	708.40137
-5.16564	4.22827	816.24375
-1.91119	5.13665	769.25389
-7.81595	-8.52922	768.67709
6.86466	-8.57223	742.07257
8.93264	3.94379	817.58596
5.43159	-8.56779	760.09139
0.36695	-5.06456	837.72357
-1.55709	-9.02964	790.39948
-1.05175	-2.79758	733.86959
-9.49444	-3.41869	806.04824
3.91051	-6.08213	965.48417
9.08306	2.62961	744.53159
-9.66459	3.13194	718.33158
9.59746	3.54533	763.84089
9.32066	9.16632	763.42861
6.29128	9.01473	767.29485
8.90966	4.83600	3643.28988
-4.90099	-8.73721	769.40165
3.56468	-8.02678	1083.79285
-6.95349	9.79975	720.91261
-1.26768	-4.91045	821.53264
9.62272	4.97439	973.85763
1.34885	-8.04840	824.74073
-8.37076	-6.25323	686.94945
-7.42812	4.09802	803.10723
4.82177	5.66281	950.53117
-8.65869	0.88810	1162.27435
-6.51548	-6.75227	735.90348
0.91553	5.04333	1041.34891
-7.00766	-2.75399	761.73366
1.75823	2.83618	691.27923
-4.46027	-6.35682	965.26712
-9.20149	5.83680	722.25269
-4.41406	6.12472	797.69566
-8.28593	4.71675	732.82038
-7.05007	-7.36613	785.05556
-4.96141	5.22383	718.09680
-1.35070	-1.39860	776.07757
9.78215	-4.42890	727.97565
4.06920	0.48330	813.17067
1.82417	-8.16119	890.16533
-3.68928	7.92601	744.02765
9.79098	-0.08160	753.42306
-4.29875	-2.96203	732.36949
4.18617	4.55397	899.13252
-1.19101	4.12546	774.07376
-9.34528	-4.93296	786.90012
-7.44806	-0.14381	1036.20550
1.83496	6.06542	1138.54945
-3.05402	-4.18025	743.29163
3.45203	3.12004	796.85822
-5.92997	-6.89274	809.09833
-6.95910	5.10283	787.92518
-9.41427	-3.65851	778.43695
-4.96916	2.19477	823.25290
-3.72837	3.86053	750.69640
8.72286	2.02635	803.90970
9.53129	-5.49191	780.82067
1.37507	-0.57445	1020.07946
-8.35738	2.06209	866.33883
7.53045	4.56915	861.87466
4.58793	8.21921	755.32811
9.53060	4.09391	842.90878
-7.94784	4.81980	781.13184
-6.25751	-8.16843	742.77675
5.71656	6.35971	804.64307
9.28537	4.80291	1518.63907
3.51089	-8.74941	856.61638
1.48192	-5.70314	956.14514
-9.76034	-9.62128	706.92487
6.39110	4.32046	937.08701
-0.11617	2.32597	741.76138
5.42456	9.57497	826.31277
-9.30301	-9.91288	717.96352
0.44305	-6.34803	1944.14698
0.53237	-7.61383	2409.90146
2.39685	7.73247	783.00184
0.30466	2.42450	751.95737
9.61541	-5.40109	761.40869
1.16443	-5.64067	878.67908
-9.04027	-7.24481	1079.58228
4.55659	-0.56217	704.08027
4.69596	6.92501	821.83660
-0.21472	5.97170	1097.82148
5.73492	7.58787	738.22293
7.66354	-1.28631	818.86571
-6.98811	-1.11974	800.55762
1.75871	7.71421	958.42617
-8.60601	-3.96615	727.17746
2.90096	3.00996	804.81790
0.52581	3.18309	733.02100
9.58512	3.60883	774.69115
-3.58390	-7.56086	757.43085
-6.38756	-2.25456	748.81965
3.95858	-4.55029	881.32283
-9.87420	-0.25003	788.94318
-9.10748	-1.14576	744.67946
2.60157	-5.02234	14209.98578
1.60595	-2.92168	855.49626
-7.25775	-6.86780	752.74958
-6.24178	-5.69883	749.43667
1.09234	-4.32833	860.51760
1.28549	5.02389	938.65161
-7.17691	-6.04532	737.05767
-2.01094	1.88302	800.18113
0.50711	9.51233	722.90313
-0.56771	-6.00446	2375.39181
6.77287	5.52803	823.23192
-8.29550	0.92135	4613.20192
-1.29960	7.78406	862.14313
8.04323	-4.58276	927.71411
2.34776	-4.54594	1262.34519
-1.04447	-3.16638	771.73226
6.24965	6.55690	765.42667
-1.04021	-7.25363	1511.78093
-8.32628	1.82111	948.95403
-1.92046	5.01309	744.08467
2.06941	-7.99000	866.07113
2.99793	-4.87762	1278.28773
-5.71560	-4.75666	748.53448
7.34858	8.69613	762.62897
-9.66138	8.44050	734.26940
-6.05410	3.36429	844.72748
6.51926	-3.84481	797.04834
-2.62139	-3.58708	789.34097
-0.14559	-9.21554	3557.25137
-5.37440	7.45029	763.90795
9.17073	3.92623	837.73273
1.24775	-0.83082	1115.19552
-5.32194	-1.18667	791.70187
1.30478	4.11809	782.12335
7.89301	-0.42529	745.18978
4.73826	-7.37832	900.19318
8.52745	9.79906	781.75362
9.37192	9.46553	783.66007
-7.32630	-8.94040	690.83636
-2.09928	-3.07047	712.36044
-1.32516	-2.88439	793.93813
-6.77832	5.62093	764.39002
-2.17581	-8.57813	772.26099
0.70357	-2.17443	1564.86727
-0.00413	-7.05428	10817.82837
-6.81653	-5.45190	732.72452
8.01403	-4.32398	830.01343
9.62177	-6.47088	770.42583
7.58878	0.60407	810.94932
-4.83605	2.68969	802.90563
7.15755	-6.55941	838.74513
6.65250	-0.63585	794.67555
-0.21437	8.39561	786.15635
5.22748	2.94731	963.09142
-3.18602	-7.12240	859.35791
-9.91403	-9.35320	779.92614
7.17638	-6.82157	800.46081
5.98518	7.35548	722.15159
-0.52876	7.34590	810.39967
-3.73398	7.91935	790.18079
-5.55411	-1.39128	814.98361
-8.90678	9.47331	755.11172
-9.07056	-0.75089	803.04971
-1.32697	-7.10910	1084.82610
2.57498	-9.31140	754.87220
2.75064	5.15362	2544.83311
-7.90811	4.73949	785.78295
-4.47528	-1.47781	809.34891
-2.37109	-0.76583	881.42070
-8.81956	0.54703	892.83373
2.49279	-4.42945	1054.99042
-9.99859	-3.32888	793.94378
4.95994	4.71079	2859.75930
5.84406	-5.67569	949.90978
-0.92928	1.11860	809.14887
5.60944	-5.30102	863.51567
3.58912	1.40047	707.80900
-2.11452	8.16475	862.01834
-5.59464	-2.74820	737.92974
2.66659	-2.10372	781.11603
-3.91564	8.43790	735.59127
4.78821	3.90062	950.42882
-2.41551	4.56031	774.13519
2.41704	-3.36655	837.24398
9.60076	-7.07334	744.72377
2.16601	5.66879	1320.65938
2.11664	-9.03308	843.91975
8.59874	0.29526	714.91015
2.04700	0.51780	762.77239
4.19240	8.63631	790.35010
-4.84801	2.00232	867.15347
8.87973	6.91595	738.85251
-5.12563	2.70090	848.24707
-8.54105	-3.33006	707.54504
-9.15236	-0.01569	765.27137
9.75775	-8.62681	704.77952
6.99441	-9.01443	816.39380
-4.62141	-8.91560	768.55041
4.04357	-1.13808	776.26902
-1.49631	3.76334	807.02947
-9.95307	-0.16740	741.17758
3.65723	-9.56395	719.08024
7.19960	-4.98978	2161.69089
-8.50577	-3.90715	741.56767
4.37107	1.38501	737.59996
3.82658	8.45740	748.82364
-9.27197	-4.30307	783.01057
7.40101	7.55333	786.69579
-3.49728	2.87796	814.34823
-0.32418	1.14910	779.27134
-2.46820	-8.68301	755.01203
-0.24203	8.46948	779.90943
7.81729	9.61670	720.48838
0.71602	-6.80054	1638.90787
5.67689	1.09945	803.23513
-3.37300	-6.70214	899.16188
2.95459	-1.45695	770.61704
-2.96969	-9.32478	733.50028
0.10670	-4.09659	822.40458
4.33555	1.18939	745.13268
-6.72214	-0.80138	884.16746
9.95373	-4.40542	692.79192
0.83507	2.70105	762.51443
-7.06025	5.99141	765.81116
-3.02107	3.19447	762.00141
0.13658	4.30280	957.54816
7.24464	-2.26977	729.41973
-8.57763	-7.49752	853.01080
-0.52293	-8.52421	1328.98539
-7.59114	-8.26820	715.08093
1.80394	5.20813	1218.17000
-7.10768	-9.44340	760.55971
-6.55003	6.39237	734.92554
9.48816	7.09939	753.90522
-9.37243	-1.35678	710.09821
-7.03589	4.80234	742.59973
0.49547	-4.85762	817.45935
-4.60521	-6.47845	896.49316
-0.72927	-3.11388	812.16277
1.08337	-4.85547	852.09312
3.80534	1.18306	763.44480
0.84432	3.60621	756.56224
7.09432	3.36062	992.31463
2.32730	9.97011	783.01084
8.93040	5.63806	911.11759
6.27172	-5.25074	918.18869
-3.66655	-3.44342	769.21161
-3.72445	5.96732	789.07667
4.75774	-6.27690	1554.91400
-4.60358	7.34453	739.23938
-0.75116	0.03470	977.89266
2.33850	9.06662	790.04639
-3.81421	6.51330	751.29286
7.28492	-5.52987	1216.75481
-2.04031	1.78916	732.88117
9.75996	5.44257	793.24034
-4.31493	0.44033	870.48520
-8.62015	7.36919	787.24256
-5.45601	4.84158	806.25699
-5.31105	-0.92280	847.59167
5.74377	6.08390	793.06859
-7.71068	1.07886	2147.39102
-6.08056	4.81492	756.25000
-4.54542	-3.14397	692.52067
-0.73669	0.28467	906.32179
-2.58710	-9.71661	799.87485
1.05758	6.95216	14554.33028
-2.97881	-4.37366	835.60975
-7.88516	7.24548	947.87216
7.57781	-0.81674	733.08407
1.25955	-7.33222	909.44446
8.45740	-9.74150	826.17984
-9.45574	-7.20294	791.86627
4.26982	-5.46139	878.55969
7.61596	5.41639	793.93569
4.16192	0.32851	691.17564
-1.54282	9.17842	812.22051
-1.47666	-2.35407	801.74093
8.23228	-6.47074	756.16909
2.70076	0.23566	783.49528
0.51016	-3.16515	807.06600
3.34486	-4.36436	864.48797
-9.90363	4.79114	774.88565
1.29148	-5.19377	974.98544
0.29535	6.23967	1203.29233
8.91475	6.39595	814.21975
5.32202	6.29842	807.45133
-8.53516	-0.37804	826.09654
4.71462	7.72099	749.77240
-7.87056	-0.76578	842.64051
1.66336	6.23935	1167.23600
4.38414	-3.05911	744.85377
1.08189	9.31376	822.57031
-5.91785	-8.52599	822.31115
0.50236	-1.26991	1475.20378
2.51101	9.74937	793.99237
6.72775	-8.44231	694.84173
4.02137	6.24321	751.31875
-9.25928	9.00274	717.24490
0.24607	-6.39184	3378.89686
9.25970	-6.62715	784.21717
-5.21078	0.38103	1472.60812
3.67993	2.55136	767.67913
0.39552	0.66861	972.61179
-5.19754	2.63725	782.64161
3.44636	9.38265	708.09828
9.91016	-4.91620	765.43899
1.23089	-9.73274	828.88928
9.27522	-7.07815	764.49263
1.77816	3.41414	823.33639
2.63879	7.73800	761.44819
-9.33882	-6.43941	762.80412
-6.13604	-8.09011	717.74054
3.05018	-9.82757	773.09959
9.66592	-9.44028	776.63815
-3.52314	1.86620	786.74062
2.06671	3.19025	788.62377
1.95127	6.00615	1150.68680
5.62136	-6.91960	1080.03048
1.06947	1.29058	825.96619
-7.35378	7.19419	1222.04387
4.45603	8.52075	730.16953
-1.25862	-0.32852	817.58222
-7.82668	-2.51272	738.34640
-7.56426	1.67386	1030.65769
7.18578	-1.41438	714.01350
-5.91072	9.89558	730.57774
-1.84249	-4.90127	837.93021
7.95622	-9.41323	749.88961
-4.02231	-7.67427	874.16952
-2.28596	1.61103	756.77266
-5.65271	-6.47192	799.66062
5.82889	7.33070	766.60203
1.07165	-0.24039	1120.74515
-2.49781	6.43837	783.16748
-7.92828	0.33980	1245.39821
0.94241	-3.99542	835.74354
5.56996	-3.39731	763.72097
-7.86178	1.53724	1287.67747
-4.93687	-4.07878	724.90920
-2.35632	9.36269	777.27157
2.83540	3.18139	862.26056
-5.32830	-1.64230	793.91089
6.38094	1.17904	734.33256
-9.82349	3.24133	750.77461
1.81703	8.24641	831.80130
7.73503	-6.00561	890.99460
-4.61434	-5.03656	783.79932
-7.83706	-6.98367	771.15321
-6.19581	-0.23631	2777.89905
-4.33718	-7.43844	1108.87221
-6.18005	5.98020	760.31868
7.58975	1.20330	787.92200
2.31659	-5.77086	1125.79676
-6.47303	7.25874	743.08465
0.83141	6.80308	2770.02096
6.48658	6.92905	742.23097
-3.79532	3.33554	764.53018
2.54542	-5.96831	1089.15264
1.71924	-6.58548	836.82226
1.49358	-4.95272	1003.46661
-2.68380	-3.62800	801.63480
8.71858	-3.66400	792.37945
-1.78485	-5.16002	836.73045
-4.26710	-9.89920	778.66613
-5.69484	0.74845	1057.36556
7.84637	4.23582	886.75894
6.82913	9.74272	743.69907
-4.68371	1.98585	857.84822
-3.38578	-6.80332	867.16459
-0.13205	4.14026	848.82148
-0.97483	6.99731	832.88059
-8.83740	-2.82787	776.98337
4.83138	-5.68591	927.80534
9.38992	-3.46389	793.02555
-5.92481	-6.73734	801.33855
-1.76193	8.89651	813.42314
4.72147	-5.92852	1048.58282
9.61247	-5.88630	758.12532
-9.04688	2.08998	726.85867
-9.41905	1.46260	791.53209
0.59578	-0.65837	1462.16247
5.84802	4.69111	1168.51758
-6.25912	9.82905	740.94272
3.53174	-4.67254	924.22217
-2.46391	6.88983	968.06531
-1.91139	3.98492	733.42323
3.17752	-5.51685	1057.88757
-9.70006	-4.82221	745.83718
6.44822	-7.30518	790.25628
2.27781	9.20023	712.37389
5.75812	3.94573	1181.08647
8.06525	1.55304	750.79102
9.35517	9.69292	778.30329
-1.64412	0.35426	855.39117
-9.22034	6.79966	794.76388
-7.08090	-4.03100	718.97575
2.65503	-4.69859	1744.42916
-9.87975	-0.07663	774.63794
-0.19681	-6.08272	4926.06167
-8.10928	7.28342	853.96114
6.82805	-5.50910	1022.42977
-6.16703	-3.12636	733.41314
-1.06580	-2.34742	756.21055
-1.43151	-6.20814	931.99492
6.16367	2.37609	1027.84572
-6.74808	1.91173	1117.05017
-4.75816	5.85968	724.97205
5.05552	0.44779	800.50292
-5.75653	-5.74261	806.36975
9.65646	9.80812	758.23197
4.34854	1.17363	815.13879
5.96459	1.25270	775.44627
2.93476	-1.59076	804.14813
-8.11897	4.20040	756.70403
4.54470	-2.48618	755.89189
-9.90028	4.02057	759.36371
-7.31575	-5.22178	779.83933
-8.68310	-9.19584	754.62366
5.83674	-0.08017	793.00287
-6.91363	-4.97782	788.67399
-5.02871	-5.01664	755.42168
9.99724	-0.26440	741.36510
0.68197	7.62558	1036.87159
-0.08583	5.25991	3633.07865
4.35027	-5.99794	1049.88138
1.69131	1.40161	748.50078
-1.95448	8.83825	807.36376
3.64192	3.87212	768.47919
-3.46036	0.28639	786.79274
-2.25579	0.86308	790.50314
2.81138	-1.20167	790.05525
1.67014	9.55257	739.80934
3.65127	-2.34020	729.42451
-9.72592	-7.51952	810.10878
-0.12665	-7.09283	11886.61801
7.12818	-4.03163	787.55663
-3.12573	1.66666	838.15763
2.34084	5.44139	1793.66143
-9.86385	8.88947	735.01728
7.56574	9.20334	793.75340
-3.67101	9.13096	762.53903
-6.67856	9.74937	737.48079
